-5.	0.	0.	0.	0.	0.	0	0
-4.8	0.	0.	0.	0.	0.	0	0
-4.6	0.	0.	0.	0.	0.	0	0
-4.4	0.	0.	0.	0.	0.	0	0
-4.2	0.	0.	0.	0.	0.	0	0
-4.	0.	0.	0.	0.	0.	0	0
-3.8	0.	0.	0.	0.	0.	0	0
-3.5999999999999996	0.	0.	0.	0.	0.	0	0
-3.4	0.	0.	0.	0.	0.	0	0
-3.2	0.	0.	0.	0.	0.	0	0
-3.	0.	0.	0.	0.	0.	0	0
-2.8	0.	0.	0.	0.	0.	0	0
-2.5999999999999996	0.	0.	0.	0.	0.	0	0
-2.4	0.	0.	0.	0.	0.	0	0
-2.1999999999999997	0.	0.	0.	0.	0.	0	0
-2.	0.	0.	0.	0.	0.	0	0
-1.7999999999999998	0.	0.	0.	0.	0.	0	0
-1.5999999999999996	0.	0.	0.	0.	0.	0	0
-1.4	0.	0.	0.	0.	0.	0	0
-1.1999999999999997	0.	0.	0.	0.	0.	0	0
-1.	0.	0.	0.	0.	0.	0	0
-0.7999999999999998	0.	0.	0.	0.	0.	0	0
-0.5999999999999996	0.	0.	0.	0.	0.	0	0
-0.39999999999999947	0.	0.	0.	0.	0.	0	0
-0.1999999999999993	0.	0.	0.	0.	0.	0	0
0.	0.	0.	0.	0.	0.	0	0
0.20000000000000018	-0.000035343207974623875	-0.0004890104661549826	-0.000012139681517727206	-0.000020099173256779077	-6.0858877338776726e-6	0.0518797312000001	-0.001204428800000003
0.40000000000000036	-0.0005201495850389175	-0.003729857538448427	-0.00018271686493234756	-0.0003012639450226096	-0.0000913738406131152	0.1859600384000003	-0.009050521600000022
0.6000000000000005	-0.0024203846309233164	-0.011978287743138822	-0.0008719288541496054	-0.0014300597746229214	-0.000435972816537032	0.37281116160000055	-0.02863779840000007
0.8000000000000007	-0.007025532121319731	-0.026963826196043202	-0.002594763158366724	-0.004232731031191916	-0.0012973950674630126	0.5867634688000009	-0.06351749120000015
1.	-0.015738622022262314	-0.04991028901742835	-0.005957048753895451	-0.009664833786671836	-0.0029785367561882673	0.80576	-0.11584000000000001
1.2000000000000002	-0.029916038874743353	-0.08156120484417706	-0.011600058572654753	-0.01871736569710249	-0.0058000178328675095	1.0112090112000003	-0.1865023488000001
1.4000000000000004	-0.05074867554152095	-0.12220980391121225	-0.020152606152640376	-0.0323381925067613	-0.010076355176516404	1.1878365184000002	-0.2752956416000002
1.6000000000000005	-0.07917750315597932	-0.17173604453494704	-0.03219151301398794	-0.05136895811992366	-0.016095765352150675	1.3235388416000011	-0.3810525184000002
1.8000000000000007	-0.11583786198365453	-0.22964303800427252	-0.04820857800294407	-0.07649393646521066	-0.024104252670232376	1.4092351488	-0.5017946112000005
2.	-0.16102778898438178	-0.295103085142771	-0.06858499825196358	-0.10820417026983735	-0.03429255032052812	1.43872	-0.63488
2.2	-0.2146965264984555	-0.3670052841718368	-0.09357332161734878	-0.14676965685433724	-0.04678668238391149	1.4085158912000002	-0.7771506688000003
2.4000000000000004	-0.27645003571207327	-0.4440034224383495	-0.1232837470780895	-0.19222749362863237	-0.06164195439465778	1.3177257983999988	-0.9250799616000007
2.6000000000000005	-0.3455708954364665	-0.5245759769490211	-0.1576798277571783	-0.24437675133804576	-0.07884028824665008	1.1678857215999996	-1.0749200384
2.8000000000000007	-0.42105042341005117	-0.6070861614197638	-0.1965773616661032	-0.3027845995253165	-0.09828896440338089	0.9628172287999988	-1.2228493312000008
3.	-0.5016312319385545	-0.6898373696997822	-0.23965042930474384	-0.36680126276563385	-0.11982529317121873	0.7084800000000002	-1.3651200000000006
3.200000000000001	-0.5858587370731276	-0.7711466724291373	-0.28644280535501343	-0.43558343104171654	-0.14322132917483144	0.4128243712000019	-1.4982053887999998
3.4000000000000004	-0.6721403928491192	-0.8494095905921626	-0.3363846803803886	-0.5081261095297332	-0.16819227978066498	0.08564387839999954	-1.6189474816000011
3.5999999999999996	-0.7588116293238794	-0.9231676592703562	-0.38881448719182177	-0.5833008573635091	-0.19440725371183193	-0.26157219839999923	-1.7247043584000004
3.8000000000000007	-0.8442076434122999	-0.991198902755855	-0.44300564757269456	-0.6599035418436914	-0.22150283406422147	-0.6157862912000045	-1.8134976512000005
4.	-0.9267403314990833	-1.0525827922734512	-0.498197345650897	-0.7367044959945829	-0.24909899501195726	-0.9625599999999981	-1.8841599999999978
4.200000000000001	-1.0049797679727144	-1.1067700948079264	-0.5536339920963872	-0.8125108466435965	-0.27681702653853646	-1.2862015487999932	-1.9364825087999975
4.4	-1.077739728654067	-1.1536893312615197	-0.6085960604312821	-0.8862260671768319	-0.3042995314598369	-1.5699132415999992	-1.9713622015999999
4.600000000000001	-1.144166836248056	-1.1938564691795683	-0.6624655648543147	-0.9569204593384135	-0.33123191091080645	-1.7959389184000045	-1.9909494783999975
4.800000000000001	-1.2038329694315673	-1.2283406230248934	-0.7147420099497805	-1.0239166607705374	-0.35736934965825473	-1.9457114112000085	-1.9987955712000023
5.	-1.256830630463872	-1.2590755275895464	-0.765125887350334	-1.08684818482703	-0.38256294775729616	-2.	-2.
5.200000000000001	-1.3038320842908089	-1.2881275945503303	-0.8135459943816445	-1.1457400991844169	-0.4067730010723681	-2	-2
5.4	-1.3457528683809925	-1.3160405100316002	-0.8600675213485438	-1.2008338953486042	-0.430033764856684	-2	-2
5.600000000000001	-1.3833790970527002	-1.3428589441315801	-0.9047649131572018	-1.2523745744557384	-0.45238246055656706	-2	-2
5.800000000000001	-1.4173596740083836	-1.3686258127244748	-0.9477098802884953	-1.3005913221004979	-0.47385485102901914	-2	-2
6.	-1.4482309570646335	-1.393382348904652	-0.9889708037970222	-1.345698320531006	-0.49448534204393524	-2	-2
6.200000000000001	-1.476436960054829	-1.4171681832134124	-1.0286136316993797	-1.38789604914259	-0.5143069959491086	-2	-2
6.4	-1.5023459005590736	-1.4400215754288122	-1.0667024748288396	-1.4273726864416572	-0.5333511487152406	-2	-2
6.600000000000001	-1.5262637555442558	-1.4619785463057122	-1.1032974121591577	-1.4643029884074164	-0.5516487615890837	-2	-2
6.800000000000001	-1.5484453669938694	-1.4830745586182246	-1.138457697303903	-1.4988517820552216	-0.5692289375647354	-2	-2
7.	-1.569103541356368	-1.5033436979921129	-1.1722393242847726	-1.531172376634653	-0.5861195694210466	-2	-2
7.200000000000001	-1.5884165061994322	-1.5228177585957208	-1.2046961040644946	-1.5614083561802756	-0.6023481654707474	-2	-2
7.4	-1.6065340215971862	-1.5415282834692394	-1.2358806143925654	-1.5896946040400088	-0.6179403185189907	-2	-2
7.600000000000001	-1.6235823898551793	-1.5595053872086337	-1.2658420380788726	-1.6161563287786018	-0.6329209934845076	-2	-2
7.800000000000001	-1.639668563029681	-1.5767773057043744	-1.2946288088211912	-1.6409116063847975	-0.6473144886701143	-2	-2
8.	-1.6548835115519607	-1.5933720883783908	-1.3222868919665511	-1.6640704520428187	-0.6611434281861115	-2	-2
8.200000000000001	-1.6693049876740949	-1.6093163314515553	-1.3488602408024135	-1.6857355445128583	-0.6744301518968407	-2	-2
8.4	-1.682999793222884	-1.6246351276969029	-1.3743919551552006	-1.7060033762243745	-0.6871960209778989	-2	-2
8.600000000000001	-1.6960256413102452	-1.6393534120155282	-1.3989223161602764	-1.7249641849563446	-0.6994611509125965	-2	-2
8.8	-1.7084326854060605	-1.653494670217874	-1.42249090108857	-1.7427019567293447	-0.7112454785679443	-2	-2
9.	-1.7202647758809186	-1.6670812110557773	-1.4451354452512992	-1.759296029849733	-0.7225677525821611	-2	-2
9.200000000000001	-1.7315604932379887	-1.6801351867994048	-1.4668918571241039	-1.7748195854051088	-0.7334459341563961	-2	-2
9.4	-1.7423539983384095	-1.6926773397304407	-1.487795608892803	-1.7893423306355454	-0.7438977396038281	-2	-2
9.600000000000001	-1.75267573262576	-1.704727512784966	-1.5078795688748097	-1.8029280904103315	-0.7539396537610263	-2	-2
9.8	-1.7625529953783772	-1.7163053741994354	-1.5271755786865213	-1.8156380388125826	-0.7635877547922318	-2	-2
10.	-1.772010420125672	-1.7274292481861646	-1.5457153314777732	-1.8275279192934448	-0.7728577826330401	-2	-2
10.200000000000001	-1.7810703683576972	-1.7381167902384396	-1.5635283423271547	-1.8386513308262673	-0.7817641981245608	-2	-2
10.4	-1.7897532553769833	-1.7483855216312911	-1.5806424757147086	-1.8490570486542288	-0.7903211832999768	-2	-2
10.600000000000001	-1.798077820455525	-1.758251630962685	-1.5970855487846773	-1.858791942472793	-0.7985428392784963	-2	-2
10.8	-1.806061351260466	-1.7677305877943694	-1.6128843102555135	-1.8678987763633847	-0.8064422212734679	-2	-2
11.	-1.8137198707111064	-1.7768378554733555	-1.6280633342821418	-1.8764185645486084	-0.8140316603810696	-2	-2
11.2	-1.821068292955257	-1.785588353575008	-1.6426469328814381	-1.8843887793686251	-0.821323473193923	-2	-2
11.400000000000002	-1.8281205539453655	-1.793995626682569	-1.6566590940267527	-1.8918446528508333	-0.8283296046108972	-2	-2
11.600000000000001	-1.8348897211060122	-1.802073007381732	-1.6701218131129418	-1.8988201551104398	-0.835060938190492	-2	-2
11.8	-1.8413880857746323	-1.8098338011899293	-1.6830563338140594	-1.9053454517963437	-0.8415281707761377	-2	-2
12.	-1.8476272414341386	-1.8172904934688119	-1.695483847907067	-1.9114499299085754	-0.8477419516675271	-2	-2
12.2	-1.8536181502129883	-1.8244546293501542	-1.707424285313953	-1.917160962665743	-0.8537121805146185	-2	-2
12.400000000000002	-1.8593711996834632	-1.8313377029989943	-1.718896267118864	-1.9225033296680931	-0.8594481632070449	-2	-2
12.600000000000001	-1.8648962516245229	-1.83795110276747	-1.7299183539596108	-1.9275013959483132	-0.8649591896237298	-2	-2
12.8	-1.8702026841171868	-1.8443052534710676	-1.7405085717993956	-1.9321771109605759	-0.8702543053369495	-2	-2
13.	-1.875299428095916	-1.850410068871169	-1.7506834106059415	-1.9365510618504864	-0.8753417450585832	-2	-2
13.2	-1.8801949992790918	-1.8562754582750027	-1.7604590883357596	-1.9406432110074607	-0.8802295768669886	-2	-2
13.400000000000002	-1.8848975262376635	-1.8619110832039287	-1.7698516859322573	-1.9444712712765604	-0.8849258415340109	-2	-2
13.600000000000001	-1.889414775226429	-1.8673256939788996	-1.7788760397704346	-1.9480524239261594	-0.8894380461509047	-2	-2
13.8	-1.893754172292236	-1.8725278336666749	-1.787546326533298	-1.951402789498919	-0.8937732147763073	-2	-2
14.	-1.8979228230830107	-1.8775260390644368	-1.7958767028173988	-1.9545368788738207	-0.897938354294873	-2	-2
14.200000000000003	-1.9019275307073609	-1.882328420709248	-1.8038806241462622	-1.9574689602716	-0.9019403125070518	-2	-2
14.400000000000002	-1.9057748119337818	-1.8869424047738599	-1.8115705481697333	-1.960211961930679	-0.9057853221015397	-2	-2
14.600000000000001	-1.9094709119686524	-1.89137535635697	-1.818958856990294	-1.9627779203407443	-0.9094794683764171	-2	-2
14.8	-1.9130218180111442	-1.895634602189977	-1.8260578185733993	-1.9651785587379038	-0.9130288333360266	-2	-2
15.	-1.9164332717497532	-1.8997269150218774	-1.8328784926540254	-1.9674242861457822	-0.9164391613826225	-2	-2
15.200000000000003	-1.9197107809374134	-1.903658654136381	-1.8394314064168562	-1.969525148394739	-0.9197156799320113	-2	-2
15.400000000000002	-1.9228596301595484	-1.907436169138634	-1.8457270867738336	-1.9714906636387557	-0.9228635768650388	-2	-2
15.600000000000001	-1.9258848908907102	-1.911065746887307	-1.8517760562517587	-1.9733292777588651	-0.9258880400625512	-2	-2
15.8	-1.928791430920142	-1.9145530643655693	-1.8575882550571194	-1.975049300997354	-0.928794097256792	-2	-2
16.	-1.9315839232139225	-1.917903492255967	-1.863172505103419	-1.9766585288412943	-0.9315862109957924	-2	-2
16.200000000000003	-1.9342668542708918	-1.9211223998550113	-1.8685375058125884	-1.9781638588292785	-0.9342687223333074	-2	-2
16.400000000000002	-1.9368445320210326	-1.9242151546884732	-1.8736919566065602	-1.9795720948364814	-0.9368459723243352	-2	-2
16.6	-1.939321093307738	-1.9271868427532008	-1.8786445286795224	-1.9808896192730627	-0.9393222788454736	-2	-2
16.8	-1.941700510989616	-1.9300419831632294	-1.883403178525767	-1.9821220793278747	-0.9417015821646996	-2	-2
17.	-1.9439866006925042	-1.9327850290383797	-1.8879751272223284	-1.983275045499351	-0.9439875212392117	-2	-2
17.200000000000003	-1.9461830272383593	-1.9354204334984726	-1.8923675639521678	-1.98435374325589	-0.9461837271692888	-2	-2
17.400000000000002	-1.948293310774276	-1.9379526286149085	-1.8965876778982453	-1.9853627961720535	-0.9482938309586086	-2	-2
17.6	-1.9503208326220138	-1.9403856545322573	-1.9006425814093866	-1.9863067650367512	-0.9503213255387231	-2	-2
17.8	-1.9522688408661495	-1.942723213096578	-1.9045386350673157	-1.9871899281116825	-0.9522693142758366	-2	-2
18.	-1.954140455696866	-1.9449689958359553	-1.908281783708549	-1.9880160708244026	-0.9541408341457915	-2	-2
18.200000000000003	-1.9559386745217833	-1.947126694278474	-1.9118779684889626	-1.9887889271983463	-0.9559389221244301	-2	-2
18.400000000000002	-1.9576663768597422	-1.9491999324775493	-1.9153331305644319	-1.9895119999756623	-0.9576665923342814	-2	-2
18.6	-1.9593263290283287	-1.9511919220189673	-1.9186530629312113	-1.9901883884202982	-0.959326575998873	-2	-2
18.8	-1.9609211886357982	-1.9531057227549995	-1.9218428695028582	-1.9908211497056927	-0.960921416662131	-2	-2
19.	-1.9624535088872141	-1.954944394505582	-1.9249074598216473	-1.9914131516308031	-0.9624536547711414	-2	-2
19.200000000000003	-1.9639257427138495	-1.9567109967439758	-1.9278517435839837	-1.991966931658367	-0.9639258303849928	-2	-2
19.400000000000002	-1.9653402467341876	-1.9584084495123055	-1.9306806297755594	-1.9924849927962158	-0.9653403688071305	-2	-2
19.6	-1.9666992850543337	-1.960039337427821	-1.9333987936550878	-1.992969683004305	-0.9666994310313678	-2	-2
19.8	-1.9680050329150638	-1.9616061972350007	-1.936010367155638	-1.9934230797704742	-0.9680051418816217	-2	-2
20.	-1.9692595801923094	-1.9631115656783227	-1.9385194076721064	-1.9938472330172206	-0.9692596261818093	-2	-2
20.200000000000003	-1.9704649347574983	-1.964557971487117	-1.9409299725993898	-1.9942440738474483	-0.9704649868963454	-2	-2
20.400000000000002	-1.971623025703738	-1.9659477386387347	-1.9432461110540622	-1.994615289660268	-0.9716231173085028	-2	-2
20.6	-1.9727357064435693	-1.9672829791400552	-1.9454715699153227	-1.9949625380422877	-0.9727357959253148	-2	-2
20.8	-1.9738047576836484	-1.9685657956702218	-1.9476097240804615	-1.9952874356268577	-0.9738048002248428	-2	-2
21.	-1.9748318902814717	-1.9697982909083775	-1.9496639265551174	-1.9955913769542584	-0.9748319068977571	-2	-2
21.200000000000003	-1.9758187479890428	-1.9709825375519205	-1.9516375303449283	-1.9958756831595341	-0.9758187986296584	-2	-2
21.400000000000002	-1.97676691008807	-1.9721203810603383	-1.9535338619459168	-1.996141669982172	-0.9767669812663619	-2	-2
21.6	-1.9776778939211044	-1.973213565060564	-1.9553559163533705	-1.9963905245827331	-0.9776779416187301	-2	-2
21.8	-1.9785531573228892	-1.9742638328391504	-1.9571064680453762	-1.9966233050794147	-0.9785531664976256	-2	-2
22.	-1.979394100955837	-1.9752729276530967	-1.9587882879272729	-1.9968410641043453	-0.9793941270627743	-2	-2
22.200000000000003	-1.9802020705535772	-1.9762425253412477	-1.960404146904399	-1.997044807957078	-0.9802021412288922	-2	-2
22.400000000000002	-1.980978359076207	-1.977174105504191	-1.9619567653911099	-1.9972354020789587	-0.9809784406316148	-2	-2
22.6	-1.9817242087807356	-1.9780691133243864	-1.9634485459274282	-1.9974136856488132	-0.9817242559649269	-2	-2
22.8	-1.982440813210199	-1.9789289939842931	-1.9648817682567579	-1.9975804884657509	-0.9824408179228135	-2	-2
23.	-1.9831293191045065	-1.9797551904449062	-1.9662587118846029	-1.9977365402156273	-0.9831293375840544	-2	-2
23.200000000000003	-1.983790828236336	-1.980549044444343	-1.9675816563164674	-1.997882510626503	-0.9837908836626525	-2	-2
23.400000000000002	-1.9844263991747815	-1.981311757085515	-1.9688528326716925	-1.998019068116486	-0.9844264638881989	-2	-2
23.6	-1.9850370489799003	-1.9820445191074427	-1.9700741994720876	-1.9981468344219486	-0.9850370858698599	-2	-2
23.8	-1.985623754830632	-1.9827485212491471	-1.9712476229008635	-1.9982663507067093	-0.985623757216802	-2	-2
24.	-1.9861874555888337	-1.9834249515689653	-1.9723749692056287	-1.99837815026475	-0.986187469478631	-2	-2
24.200000000000003	-1.986729053302005	-1.9840749042037205	-1.9734581046339916	-1.9984827535464913	-0.9867290976426265	-2	-2
24.400000000000002	-1.9872494146469477	-1.9846993604106362	-1.9744988558447314	-1.9985806099168308	-0.9872494667624983	-2	-2
24.6	-1.987749372316854	-1.985299295121215	-1.9754988263814088	-1.9986721445818465	-0.9877494017932752	-2	-2
24.8	-1.988229726353973	-1.9858756832669597	-1.9764595441742139	-1.9987577814659436	-0.988229727689986	-2	-2
25.	-1.9886912454299301	-1.9864294975824353	-1.9773825372052953	-1.9988379047125364	-0.9886912562603769	-2	-2
25.200000000000003	-1.989134668075928	-1.9869616338637865	-1.978269333456802	-1.9989128518769708	-0.9891347038873779	-2	-2
25.400000000000002	-1.9895607038646081	-1.9874728954665601	-1.9791214284797702	-1.9989829578711797	-0.9895607460752511	-2	-2
25.6	-1.9899700345456075	-1.9879640805696164	-1.979940135121175	-1.9990485524474415	-0.9899700582474683	-2	-2
25.8	-1.9903633151365643	-1.988435987351816	-1.9807267043422796	-1.999109919974905	-0.9903633158275013	-2	-2
26.	-1.9907411749713118	-1.9888894121958207	-1.9814823871475657	-1.9991673215583818	-0.9907411834727263	-2	-2
26.200000000000003	-1.9911042187070236	-1.9893250885301093	-1.9822084345415156	-1.9992210181334522	-0.9911042477036903	-2	-2
26.400000000000002	-1.9914530272917899	-1.9897436741038828	-1.9829060709845443	-1.9992712610042107	-0.9914530615708004	-2	-2
26.6	-1.9917881588943047	-1.9901458224229822	-1.9835763713515326	-1.999318262849803	-0.9917881780584124	-2	-2
26.8	-1.9921101497970843	-1.9905321869932484	-1.984220359828436	-1.9993622268539668	-0.9921101501508819	-2	-2
27.	-1.9924195152546316	-1.990903419848133	-1.984839060636156	-1.9994033560943034	-0.992419522020297	-2	-2
27.200000000000003	-1.9927167503179788	-1.9912601214572503	-1.9854334979955939	-1.9994418394606903	-0.9927167738732651	-2	-2
27.4	-1.9930023306268836	-1.991602830337135	-1.9860046743975919	-1.9994778382765062	-0.9930023585119576	-2	-2
27.6	-1.9932767131709657	-1.991932081534972	-1.9865534698834537	-1.9995115107547963	-0.9932767286842912	-2	-2
27.800000000000004	-1.9935403370210074	-1.992248410097946	-1.9870807230042333	-1.9995430143921067	-0.9935403371381827	-2	-2
28.	-1.993793624031536	-1.9925523498683582	-1.9875872723396593	-1.9995724898902876	-0.9937936294048978	-2	-2
28.200000000000003	-1.9940369795159296	-1.9928443924744657	-1.9880739564694603	-1.9996000612115192	-0.9940369986414735	-2	-2
28.4	-1.9942707928949557	-1.993124978810141	-1.9885415927113588	-1.999625851616099	-0.994270815571265	-2	-2
28.6	-1.9944954383199844	-1.9933945469261944	-1.9889908994075218	-1.9996499824486071	-0.9944954508733916	-2	-2
28.800000000000004	-1.9947112752716862	-1.9936535348734368	-1.9894225707896085	-1.9996725582868498	-0.9947112752269728	-2	-2
29.	-1.9949186491352788	-1.9939023784554541	-1.989837301307564	-1.999693675157175	-0.9949186496185494	-2	-2
29.200000000000003	-1.9951178917532206	-1.994141471294535	-1.9902357835929139	-1.9997134290255991	-0.9951178930683895	-2	-2
29.4	-1.9953093219562494	-1.994371185978351	-1.9906186588930748	-1.9997319109085838	-0.9953093213890178	-2	-2
29.6	-1.995493246073551	-1.9945918956272826	-1.9909865121344892	-1.9997492004594237	-0.9954932468716203	-2	-2
29.800000000000004	-1.9956699584229836	-1.994803950931901	-1.9913399254697888	-1.9997653755406828	-0.9956699593690228	-2	-2
30.	-1.995839741782012	-1.9950076893599173	-1.9916794810516052	-1.9997805070941257	-0.9958397410646344	-2	-2