-5.	0.	0.	0.	0.	0.	0	0
-4.8	0.	0.	0.	0.	0.	0	0
-4.6	0.	0.	0.	0.	0.	0	0
-4.4	0.	0.	0.	0.	0.	0	0
-4.2	0.	0.	0.	0.	0.	0	0
-4.	0.	0.	0.	0.	0.	0	0
-3.8	0.	0.	0.	0.	0.	0	0
-3.5999999999999996	0.	0.	0.	0.	0.	0	0
-3.4	0.	0.	0.	0.	0.	0	0
-3.2	0.	0.	0.	0.	0.	0	0
-3.	0.	0.	0.	0.	0.	0	0
-2.8	0.	0.	0.	0.	0.	0	0
-2.5999999999999996	0.	0.	0.	0.	0.	0	0
-2.4	0.	0.	0.	0.	0.	0	0
-2.1999999999999997	0.	0.	0.	0.	0.	0	0
-2.	0.	0.	0.	0.	0.	0	0
-1.7999999999999998	0.	0.	0.	0.	0.	0	0
-1.5999999999999996	0.	0.	0.	0.	0.	0	0
-1.4	0.	0.	0.	0.	0.	0	0
-1.1999999999999997	0.	0.	0.	0.	0.	0	0
-1.	0.	0.	0.	0.	0.	0	0
-0.7999999999999998	0.	0.	0.	0.	0.	0	0
-0.5999999999999996	0.	0.	0.	0.	0.	0	0
-0.39999999999999947	0.	0.	0.	0.	0.	0	0
-0.1999999999999993	0.	0.	0.	0.	0.	0	0
0.	0.	0.	0.	0.	0.	0	0
0.20000000000000018	-0.00015252384603807646	-0.0024209417475266008	-0.00003633460356097607	-0.00010714978124554758	-6.0858877338776726e-6	0.08486031360000017	-0.003613286400000009
0.40000000000000036	-0.0022353816660245123	-0.018283761544773607	-0.0005480611364424891	-0.0015926035494543708	-0.0000913738406131152	0.29786603520000043	-0.02715156480000007
0.6000000000000005	-0.010358096116345769	-0.058149247687988015	-0.0026157690773776924	-0.007481752061664632	-0.000435972816537032	0.5831682048000009	-0.08591339520000021
0.8000000000000007	-0.029938192282895276	-0.1296302268369851	-0.007784231399321726	-0.02191574685027826	-0.0012973950674630126	0.8932491264000013	-0.19055247360000044
1.	-0.06677907451403602	-0.23763777487290433	-0.01787109428134946	-0.049525667792765134	-0.0029785367561882673	1.18848	-0.34752000000000005
1.2000000000000002	-0.1263802332901707	-0.3846057997215013	-0.03480002483259412	-0.09492735279609896	-0.0058000178328675095	1.4366785536000002	-0.5595070464000003
1.4000000000000004	-0.21343825639945174	-0.5707438613430887	-0.06045774533544252	-0.16232364151909004	-0.010076355176516404	1.6126666751999998	-0.8258869248000006
1.6000000000000005	-0.331504622949279	-0.7943002675025823	-0.09657438920702234	-0.2552012675880901	-0.016095765352150675	1.6978280448000018	-1.1431575552000006
1.8000000000000007	-0.48277240361665147	-1.0517991270730307	-0.14462601705098263	-0.37611145536526425	-0.024104252670232376	1.6796657663999992	-1.5053838336000014
2.	-0.6679690224066972	-1.3383451215932647	-0.20575570206526028	-0.526527838472344	-0.03429255032052812	1.5513600000000003	-1.90464
2.2	-0.8863363557676822	-1.6478745630242837	-0.2807203289489193	-0.7067677497625013	-0.04678668238391149	1.3113255936000003	-2.331452006400001
2.4000000000000004	-1.1356828193580766	-1.9734440499548274	-0.36985195929978704	-0.9159723466911609	-0.06164195439465778	0.9627697151999977	-2.775239884800002
2.6000000000000005	-1.412494856296146	-2.307520027612797	-0.4730402683579303	-1.152141314797433	-0.07884028824665008	0.5132494848000002	-3.2247601151999996
2.8000000000000007	-1.7120975040543769	-2.6422749378375414	-0.5897326019648115	-1.4122135940464766	-0.09828896440338089	-0.02577039360000377	-3.6685479936000025
3.	-2.028855570932239	-2.9698877120244416	-0.7189513718206291	-1.6921850662518527	-0.11982529317121873	-0.6393599999999999	-4.095360000000001
3.200000000000001	-2.356408471464215	-3.282849665170807	-0.8593281157022361	-1.9872670606642515	-0.14322132917483144	-1.3095665663999965	-4.494616166399999
3.4000000000000004	-2.6879330139569766	-3.5742623516152743	-1.0091565463920422	-2.2920759040623557	-0.16819227978066498	-2.0158568448000023	-4.856842444800003
3.5999999999999996	-3.016429452348671	-3.8381779805467104	-1.1664432831604685	-2.600850728845046	-0.19440725371183193	-2.735559475199999	-5.174113075200001
3.8000000000000007	-3.335026949475391	-4.069971970689517	-1.3290171699343472	-2.9076966167346567	-0.22150283406422147	-3.444307353600008	-5.4404929536000015
4.	-3.6373052829649595	-4.266456969926436	-1.4945924981015453	-3.2068464277621223	-0.24909899501195726	-4.116479999999994	-5.6524799999999935
4.200000000000001	-3.9176301856601703	-4.426555557133308	-1.6609027157056806	-3.49295936542495	-0.27681702653853646	-4.725645926399985	-5.8094475263999925
4.4	-4.171500172059301	-4.551248285655594	-1.8257936275501778	-3.761412912681404	-0.3042995314598369	-5.2450050047999985	-5.9140866048
4.600000000000001	-4.3959030790556515	-4.6443489245242855	-1.9873930193219294	-4.008617371337773	-0.33123191091080645	-5.647830835200004	-5.972848435199992
4.800000000000001	-4.589680858247011	-4.712326080293698	-2.144223706738453	-4.232357170743932	-0.35736934965825473	-5.907913113600017	-5.996386713600007
5.	-4.753901410542372	-4.7651258651208135	-2.295377623955259	-4.432141723704052	-0.38256294775729616	-6.	-6.
5.200000000000001	-4.892068465319557	-4.813545983737343	-2.440637945301686	-4.609434461198451	-0.4067730010723681	-6	-6
5.4	-5.008629330530545	-4.860067503035137	-2.5802025275580833	-4.766679004278701	-0.430033764856684	-6	-6
5.600000000000001	-5.107365689028092	-4.904764894585152	-2.714295148119039	-4.90614249398333	-0.45238246055656706	-6	-6
5.800000000000001	-5.191379008596776	-4.947709685019684	-2.843129440953606	-5.029835424951002	-0.47385485102901914	-6	-6
6.	-5.263213636691127	-4.988970583607022	-2.9669118921524844	-5.1395412206016164	-0.49448534204393524	-6	-6
6.200000000000001	-5.324957590012958	-5.028613612202124	-3.085841359900098	-5.236841518708637	-0.5143069959491086	-6	-6
6.4	-5.378325081848918	-5.066702210252808	-3.2001066403688383	-5.323139143748337	-0.5333511487152406	-6	-6
6.600000000000001	-5.424724097244342	-5.10329733496014	-3.309892542430016	-5.399678271287283	-0.5516487615890837	-6	-6
6.800000000000001	-5.465311726086701	-5.138457962845121	-3.4153727726440373	-5.467562388217669	-0.5692289375647354	-6	-6
7.	-5.50103947293033	-5.172239560220858	-3.5167177101773652	-5.5277706126328106	-0.5861195694210466	-6	-6
7.200000000000001	-5.532690360199431	-5.204696071358461	-3.614088556112769	-5.581170320080371	-0.6023481654707474	-6	-6
7.4	-5.560909312116473	-5.235880684384051	-3.707641341888677	-5.628531258421783	-0.6179403185189907	-6	-6
7.600000000000001	-5.586228037103073	-5.265842392119812	-3.7975262850418483	-5.670536520235873	-0.6329209934845076	-6	-6
7.800000000000001	-5.609085405670211	-5.294628748366949	-3.8838861327229064	-5.707792126632837	-0.6473144886701143	-6	-6
8.	-5.629844140095543	-5.32228692152331	-3.9668605312352323	-5.740835089298207	-0.6611434281861115	-6	-6
8.200000000000001	-5.648804484224982	-5.3488606526522	-4.046580761493855	-5.770141419394762	-0.6744301518968407	-6	-6
8.4	-5.666215400595516	-5.374391888456603	-4.123175632744925	-5.7961336178451	-0.6871960209778989	-6	-6
8.600000000000001	-5.6822837428944855	-5.398922382388619	-4.196766918858308	-5.819186613208662	-0.6994611509125965	-6	-6
8.8	-5.697181770567404	-5.422491219164201	-4.267472737806974	-5.839633362547058	-0.7112454785679443	-6	-6
9.	-5.711053305902252	-5.445135432125118	-4.335407073801009	-5.857767484745013	-0.7225677525821611	-6	-6
9.200000000000001	-5.724018779485387	-5.46689193316649	-4.400676288038076	-5.873850796924627	-0.7334459341563961	-6	-6
9.4	-5.736179365358248	-5.487795655655822	-4.463385996802421	-5.888116038128189	-0.7438977396038281	-6	-6
9.600000000000001	-5.747620370715934	-5.507879324673827	-4.5236383687367026	-5.900767588597173	-0.7539396537610263	-6	-6
9.8	-5.758414015114901	-5.527175530583754	-4.581527331858092	-5.911988782253337	-0.7635877547922318	-6	-6
10.	-5.768621709697579	-5.545715487259177	-4.637145616658757	-5.921941194393413	-0.7728577826330401	-6	-6
10.200000000000001	-5.778295926916945	-5.563528157989602	-4.690584488399168	-5.9307678264914045	-0.7817641981245608	-6	-6
10.4	-5.7874817348468275	-5.580642296663384	-4.741927722186214	-5.9385967333519405	-0.7903211832999768	-6	-6
10.600000000000001	-5.796218056741238	-5.597085762577915	-4.791256721382144	-5.945540171686403	-0.7985428392784963	-6	-6
10.8	-5.804538705514124	-5.612884237092186	-4.838652409764289	-5.951698357782648	-0.8064422212734679	-6	-6
11.	-5.812473233812541	-5.628063078097938	-4.8841900187314815	-5.95716042268875	-0.8140316603810696	-6	-6
11.2	-5.820047632988476	-5.6426472713577605	-4.927941067255099	-5.962004621582021	-0.821323473193923	-6	-6
11.400000000000002	-5.827284908242129	-5.656659549989074	-4.969976916951699	-5.966301149322767	-0.8283296046108972	-6	-6
11.600000000000001	-5.834205552270095	-5.670121893119953	-5.010365282102144	-5.970111844170511	-0.835060938190492	-6	-6
11.8	-5.840827935708372	-5.683056279878472	-5.04916919487192	-5.9734914887918675	-0.8415281707761377	-6	-6
12.	-5.847168629348557	-5.695484103239247	-5.086451379010188	-5.9764891533166615	-0.8477419516675271	-6	-6
12.2	-5.853242670394791	-5.707424581627753	-5.122272647801767	-5.97914769296709	-0.8537121805146185	-6	-6
12.400000000000002	-5.859063782809145	-5.718896436118783	-5.1566888545795875	-5.981505677216543	-0.8594481632070449	-6	-6
12.600000000000001	-5.864644559975507	-5.729918387795054	-5.189755063423211	-5.983597031027979	-0.8649591896237298	-6	-6
12.8	-5.869996616423847	-5.740508675306995	-5.221525550705701	-5.98545181961324	-0.8702543053369495	-6	-6
13.	-5.875130714138166	-5.750683683182877	-5.2520501811494436	-5.987096972936022	-0.8753417450585832	-6	-6
13.2	-5.8800568679734075	-5.760459356600148	-5.281377293508791	-5.988556010501733	-0.8802295768669886	-6	-6
13.400000000000002	-5.884784433889739	-5.769851640760743	-5.309554977650076	-5.9898500996709725	-0.8849258415340109	-6	-6
13.600000000000001	-5.8893221830432525	-5.778876084552575	-5.336628035249166	-5.9909978590994	-0.8894380461509047	-6	-6
13.8	-5.893678364224373	-5.787546657283249	-5.362638946795915	-5.992015788835002	-0.8937732147763073	-6	-6
14.	-5.897860756686514	-5.795876939935714	-5.387630167061905	-5.992918706879431	-0.897938354294873	-6	-6
14.200000000000003	-5.901876715039824	-5.8038805135338265	-5.411642544286224	-5.993719397107146	-0.9019403125070518	-6	-6
14.400000000000002	-5.905733207584034	-5.811570633495782	-5.434712900240751	-5.994429654898928	-0.9057853221015397	-6	-6
14.600000000000001	-5.909436849208047	-5.818959210187706	-5.4568775427474385	-5.995059506171277	-0.9094794683764171	-6	-6
14.8	-5.9129939297815	-5.826057811170582	-5.478172779628239	-5.99561821173702	-0.9130288333360266	-6	-6
15.	-5.9164104387985015	-5.832878004058494	-5.498634319084058	-5.996113677338359	-0.9164391613826225	-6	-6
15.200000000000003	-5.919692086898041	-5.839431088976056	-5.518293955955967	-5.996553164703254	-0.9197156799320113	-6	-6
15.400000000000002	-5.9228443247746165	-5.845727220861339	-5.537181947811129	-5.996942915290699	-0.9228635768650388	-6	-6
15.600000000000001	-5.925872359901384	-5.851776252111985	-5.555328550273512	-5.997288622847133	-0.9258880400625512	-6	-6
15.8	-5.928781171413816	-5.85758803518452	-5.572764001352303	-5.997595215345317	-0.928794097256792	-6	-6
16.	-5.9315755234405865	-5.863172203041912	-5.589516833053559	-5.997867154468522	-0.9315862109957924	-6	-6
16.200000000000003	-5.93425997711814	-5.868537414298616	-5.60561255800059	-5.998108332161349	-0.9342687223333074	-6	-6
16.400000000000002	-5.936838901484584	-5.873692060626479	-5.621076388523586	-5.998322243564951	-0.9368459723243352	-6	-6
16.6	-5.939316483414395	-5.878644533754429	-5.635933536952735	-5.998511963117168	-0.9393222788454736	-6	-6
16.8	-5.941696736728174	-5.883403115020718	-5.650208951114685	-5.998680229130341	-0.9417015821646996	-6	-6
17.	-5.943983510588593	-5.8879751984866635	-5.663925040449324	-5.998829470224876	-0.9439875212392117	-6	-6
17.200000000000003	-5.946180497275257	-5.892367794384287	-5.677102826875597	-5.9989618309730375	-0.9461837271692888	-6	-6
17.400000000000002	-5.948291239415679	-5.896587912256143	-5.6897633201384625	-5.999079229831927	-0.9482938309586086	-6	-6
17.6	-5.9503191367370345	-5.900642561644787	-5.701927527933877	-5.999183346889292	-0.9503213255387231	-6	-6
17.8	-5.952267452392966	-5.904538553713357	-5.713615541927851	-5.999275697278821	-0.9522693142758366	-6	-6
18.	-5.954139318911171	-5.908281849971075	-5.724845200701711	-5.999357598401786	-0.9541408341457915	-6	-6
18.200000000000003	-5.955937743800379	-5.911878192611227	-5.735634011722104	-5.999430251688623	-0.9559389221244301	-6	-6
18.400000000000002	-5.957665614849505	-5.915333324001036	-5.745999482455677	-5.999494670562799	-0.9576665923342814	-6	-6
18.6	-5.9593257051471165	-5.9186529865077295	-5.7559590129611715	-5.999551818201555	-0.959326575998873	-6	-6
18.8	-5.960920677845068	-5.9218427562536	-5.765528412798122	-5.999602494150858	-0.960921416662131	-6	-6
19.	-5.9624530906871325	-5.924907510028507	-5.774722298200036	-5.999647440534356	-0.9624536547711414	-6	-6
19.200000000000003	-5.963925400320585	-5.927851948847604	-5.783555258398057	-5.999687308994681	-0.9639258303849928	-6	-6
19.400000000000002	-5.965339966406296	-5.930680773895884	-5.79204188262333	-5.999722661103426	-0.9653403688071305	-6	-6
19.6	-5.966699055541269	-5.933398686358345	-5.80019629394034	-5.999754026669749	-0.9666994310313678	-6	-6
19.8	-5.968004845005659	-5.9360102520101625	-5.808030992623163	-5.999781838833098	-0.9680051418816217	-6	-6
20.	-5.969259426345105	-5.938519463979461	-5.815558135965524	-5.999806508776766	-0.9692596261818093	-6	-6
20.200000000000003	-5.970464808798064	-5.940930170310583	-5.822789881263374	-5.999828389788355	-0.9704649868963454	-6	-6
20.400000000000002	-5.971622922576876	-5.943246219180465	-5.829738347091181	-5.99984779250489	-0.9716231173085028	-6	-6
20.6	-5.972735622010439	-5.945471458766045	-5.836414690180355	-5.999865006451172	-0.9727357959253148	-6	-6
20.8	-5.973804688555649	-5.947609627298872	-5.842829083863626	-5.999880269537883	-0.9738048002248428	-6	-6
21.	-5.974831833684252	-5.949663995208375	-5.848991658912567	-5.999893809532622	-0.9748319068977571	-6	-6
21.200000000000003	-5.975818701651165	-5.9516377133275835	-5.854912546098748	-5.999905817942955	-0.9758187986296584	-6	-6
21.400000000000002	-5.9767668721498275	-5.953533932591797	-5.8606016860094226	-5.9999164639857545	-0.9767669812663619	-6	-6
21.6	-5.9776778628599	-5.955355803936314	-5.8660678747288735	-5.999925911685	-0.9776779416187301	-6	-6
21.8	-5.978553131892128	-5.957106388476643	-5.87131948265415	-5.999934290842339	-0.9785531664976256	-6	-6
22.	-5.979394080134895	-5.958788363846715	-5.876364879481786	-5.9999417196156335	-0.9793941270627743	-6	-6
22.200000000000003	-5.980202053506834	-5.960404309148216	-5.881212434908313	-5.999948311939417	-0.9802021412288922	-6	-6
22.400000000000002	-5.980978345119516	-5.961956803563896	-5.885870308356122	-5.999954157729305	-0.9809784406316148	-6	-6
22.6	-5.981724197353969	-5.963448426276504	-5.890345646069643	-5.999959340435211	-0.9817242559649269	-6	-6
22.8	-5.982440803854763	-5.964881683292422	-5.894645300025468	-5.9999639394543705	-0.9824408179228135	-6	-6
23.	-5.983129311444905	-5.966258767337374	-5.898776122515131	-5.999968017202621	-0.9831293375840544	-6	-6
23.200000000000003	-5.983790821965203	-5.9675817903211055	-5.902744965830168	-5.99997163286086	-0.9837908836626525	-6	-6
23.400000000000002	-5.984426394040409	-5.968852864217775	-5.9065585102359455	-5.9999748417372105	-0.9844264638881989	-6	-6
23.6	-5.9850370447762336	-5.970074101001537	-5.9102226067635435	-5.999977686885761	-0.9850370858698599	-6	-6
23.8	-5.9856237513889745	-5.97124755242144	-5.913742865458144	-5.999980209721265	-0.985623757216802	-6	-6
24.	-5.986187452771034	-5.972375013415722	-5.917124896621075	-5.999982448429319	-0.986187469478631	-6	-6
24.200000000000003	-5.98672905099499	-5.973458213056339	-5.920374310553666	-5.999984433159134	-0.9867290976426265	-6	-6
24.400000000000002	-5.987249412758129	-5.974498880470197	-5.92349657662229	-5.999986193184247	-0.9872494667624983	-6	-6
24.6	-5.987749370770426	-5.975498744784204	-5.926496485150352	-5.999987755075664	-0.9877494017932752	-6	-6
24.8	-5.988229725087861	-5.976459485908005	-5.929378629253372	-5.999989139533183	-0.988229727689986	-6	-6
25.	-5.988691244393325	-5.977382573438802	-5.932147602258102	-5.999990366595778	-0.9886912562603769	-6	-6
25.200000000000003	-5.989134667227242	-5.978269422867838	-5.934807997491292	-5.9999914562214975	-0.9891347038873779	-6	-6
25.400000000000002	-5.989560703169763	-5.979121449730429	-5.937364292931911	-5.999992424795025	-0.9895607460752511	-6	-6
25.6	-5.989970033976718	-5.979940069561891	-5.93982041058508	-5.999993283845973	-0.9899700582474683	-6	-6
25.8	-5.9903633146708035	-5.980726657652949	-5.942180110902616	-5.9999940445619595	-0.9903633158275013	-6	-6
26.	-5.990741174589972	-5.981482417324837	-5.9444471545083015	-5.999994718507695	-0.9907411834727263	-6	-6
26.200000000000003	-5.99110421839482	-5.982208507657661	-5.946625302025916	-5.99999531674047	-0.9911042477036903	-6	-6
26.400000000000002	-5.9914530270361865	-5.982906087767566	-5.948718219657092	-5.999995846722293	-0.9914530615708004	-6	-6
26.6	-5.9917881586850354	-5.983576316770699	-5.950729118515147	-5.99999631563337	-0.9917881780584124	-6	-6
26.8	-5.992110149625752	-5.984220320741482	-5.952661077485107	-5.9999967311362	-0.9921101501508819	-6	-6
27.	-5.992419515114359	-5.9848390847432515	-5.954517175592874	-5.999997099925529	-0.992419522020297	-6	-6
27.200000000000003	-5.992716750203143	-5.985433557629902	-5.956300491864345	-5.9999974268581955	-0.9927167738732651	-6	-6
27.4	-5.993002330532861	-5.986004688285255	-5.958014027973976	-5.999997716769505	-0.9930023585119576	-6	-6
27.6	-5.993276713093995	-5.986553425593136	-5.959660412890545	-5.999997974541152	-0.9932767286842912	-6	-6
27.800000000000004	-5.993540336957993	-5.987080698878229	-5.961242167334829	-5.999998203550074	-0.9935403371381827	-6	-6
28.	-5.9937936239799345	-5.987587317636666	-5.962761812143471	-5.999998406572031	-0.9937936294048978	-6	-6
28.200000000000003	-5.994036979473701	-5.98807404696702	-5.964221868153114	-5.999998586402016	-0.9940369986414735	-6	-6
28.4	-5.994270792860377	-5.988541651916615	-5.9656247817784305	-5.999998745826636	-0.994270815571265	-6	-6
28.6	-5.994495438291682	-5.988990897532773	-5.9669727012009455	-5.999998887006785	-0.9944954508733916	-6	-6
28.800000000000004	-5.99471127524852	-5.989422548336702	-5.968267712663281	-5.999999011982358	-0.9947112752269728	-6	-6
29.	-5.99491864911631	-5.989837301413507	-5.9695119027802415	-5.999999122793244	-0.9949186496185494	-6	-6
29.200000000000003	-5.995117891737695	-5.990235786334799	-5.970707351668556	-5.999999221287293	-0.9951178930683895	-6	-6
29.4	-5.9953093219435445	-5.990618642842351	-5.971855978492211	-5.999999308818535	-0.9953093213890178	-6	-6
29.6	-5.9954932460631545	-5.990986495217962	-5.972959537772722	-5.9999993868951655	-0.9954932468716203	-6	-6
29.800000000000004	-5.995669958414481	-5.991339919425918	-5.974019776863105	-5.999999456284328	-0.9956699593690228	-6	-6
30.	-5.995839741775044	-5.991679482052353	-5.975038443116377	-5.999999517816282	-0.9958397410646344	-6	-6