-5.	0.	0.	0.	0.	0.	0	0
-4.8	0.	0.	0.	0.	0.	0	0
-4.6	0.	0.	0.	0.	0.	0	0
-4.4	0.	0.	0.	0.	0.	0	0
-4.2	0.	0.	0.	0.	0.	0	0
-4.	0.	0.	0.	0.	0.	0	0
-3.8	0.	0.	0.	0.	0.	0	0
-3.5999999999999996	0.	0.	0.	0.	0.	0	0
-3.4	0.	0.	0.	0.	0.	0	0
-3.2	0.	0.	0.	0.	0.	0	0
-3.	0.	0.	0.	0.	0.	0	0
-2.8	0.	0.	0.	0.	0.	0	0
-2.5999999999999996	0.	0.	0.	0.	0.	0	0
-2.4	0.	0.	0.	0.	0.	0	0
-2.1999999999999997	0.	0.	0.	0.	0.	0	0
-2.	0.	0.	0.	0.	0.	0	0
-1.7999999999999998	0.	0.	0.	0.	0.	0	0
-1.5999999999999996	0.	0.	0.	0.	0.	0	0
-1.4	0.	0.	0.	0.	0.	0	0
-1.1999999999999997	0.	0.	0.	0.	0.	0	0
-1.	0.	0.	0.	0.	0.	0	0
-0.7999999999999998	0.	0.	0.	0.	0.	0	0
-0.5999999999999996	0.	0.	0.	0.	0.	0	0
-0.39999999999999947	0.	0.	0.	0.	0.	0	0
-0.1999999999999993	0.	0.	0.	0.	0.	0	0
0.	0.	0.	0.	0.	0.	0	0
0.20000000000000018	-0.00005953540180966681	-0.0005131978320414951	-0.00003633460356097607	-0.00004186626799077612	-0.000030287658333583834	0.22641807360000046	-0.003613286400000009
0.40000000000000036	-0.0008855158442089924	-0.004095120639344034	-0.0005480611364424891	-0.0006307995286389942	-0.0004567379747494142	0.8178941952000014	-0.02715156480000007
0.6000000000000005	-0.0041642116691941325	-0.013722023290506665	-0.0026157690773776924	-0.0030069705882734125	-0.002179810736302241	1.6536987648000026	-0.08591339520000021
0.8000000000000007	-0.01221500044502312	-0.03215324666942455	-0.007784231399321726	-0.008937170218577104	-0.006486866211216619	2.6273316864000043	-0.19055247360000044
1.	-0.027652657619537876	-0.06182418820269572	-0.01787109428134946	-0.02049198788275545	-0.01489259230194097	3.6460800000000004	-0.34752000000000005
1.2000000000000002	-0.05311599995828946	-0.10476101537897195	-0.03480002483259412	-0.039852422736654444	-0.029000003498779695	4.630575513600001	-0.5595070464000003
1.4000000000000004	-0.09105379684967403	-0.1625150159558293	-0.06045774533544252	-0.06914555406479994	-0.05038146501718125	5.514352435200001	-0.8258869248000006
1.6000000000000005	-0.14356039598659684	-0.23611886237033178	-0.09657438920702234	-0.11030698613483447	-0.0804787400833246	6.243405004800005	-1.1431575552000006
1.8000000000000007	-0.2122547682852757	-0.32605987212791	-0.14462601705098263	-0.164970828958959	-0.12052115590319225	6.7757451264	-1.5053838336000014
2.	-0.2981977114995934	-0.43227286679299715	-0.20575570206526028	-0.23438110998783773	-0.17146243299829833	7.080959999999999	-1.90464
2.2	-0.4018428032230508	-0.5541504090869025	-0.2807203289489193	-0.31933325402655016	-0.23393292224732926	7.139769753600001	-2.331452006400001
2.4000000000000004	-0.523017394914363	-0.6905700662173442	-0.36985195929978704	-0.42013227680920284	-0.3082093456029935	6.943585075199997	-2.775239884800002
2.6000000000000005	-0.6609305163226532	-0.839936402870606	-0.4730402683579303	-0.5365753268251394	-0.3941997476137573	6.4940648448	-3.2247601151999996
2.8000000000000007	-0.8142050364059306	-1.000241641235364	-0.5897326019648115	-0.66795455478455	-0.4914435517090201	5.8026737663999945	-3.6685479936000025
3.	-0.980931820699088	-1.1691393452387675	-0.7189513718206291	-0.8130803515488634	-0.5991260584047299	4.890240000000002	-4.095360000000001
3.200000000000001	-1.1587439509745503	-1.3440329920941725	-0.8593281157022361	-0.9703253668402216	-0.7161068360815663	3.786512793600008	-4.494616166399999
3.4000000000000004	-1.3449093431377417	-1.5221782551610188	-1.0091565463920422	-1.13767303773326	-0.8409620162692362	2.5297201152	-4.856842444800003
3.5999999999999996	-1.5364403235946043	-1.700798572526743	-1.1664432831604685	-1.3128190816920853	-0.9720366276656142	1.1661262848000042	-5.174113075200001
3.8000000000000007	-1.7302189109984085	-1.8772134865623362	-1.3290171699343472	-1.4932344894963054	-1.1075139079544967	-0.2504103936000188	-5.4404929536000015
4.	-1.9231367060295421	-2.04897925396337	-1.4945924981015453	-1.6763010738416755	-1.2454953128951687	-1.6588799999999946	-5.6524799999999935
4.200000000000001	-2.1122484221761164	-2.2140131803438856	-1.6609027157056806	-1.8594159895231936	-1.3840835632405069	-2.9915633663999737	-5.8094475263999925
4.4	-2.2949381998651024	-2.3709028902576237	-1.8257936275501778	-2.0401435274906516	-1.521493384610657	-4.174474444799997	-5.9140866048
4.600000000000001	-2.469097938432686	-2.518779083572007	-1.9873930193219294	-2.216373277886067	-1.6561636596076263	-5.127802675200023	-5.972848435199992
4.800000000000001	-2.6333169583423937	-2.6578331628570764	-2.144223706738453	-2.386451113965615	-1.7868549695586233	-5.766355353600034	-5.996386713600007
5.	-2.7870823722408606	-2.7893272581893895	-2.295377623955259	-2.549399582966848	-1.9128146881554038	-6.	-6.
5.200000000000001	-2.930924040425296	-2.9152195375093144	-2.440637945301686	-2.7050387635656716	-2.0338649557939386	-6	-6
5.4	-3.065887879755409	-3.0361755091572955	-2.5802025275580833	-2.8536578452236916	-2.1501687743613864	-6	-6
5.600000000000001	-3.192908893288109	-3.1523887648828595	-2.714295148119039	-2.99557403498746	-2.2619125661923944	-6	-6
5.800000000000001	-3.3127790354535267	-3.2640458146446654	-2.843129440953606	-3.131088147664611	-2.3692746253027335	-6	-6
6.	-3.4261721056966734	-3.37132360344521	-2.9669118921524844	-3.26049061384296	-2.4724265076280534	-6	-6
6.200000000000001	-3.5336641703160163	-3.4743957604806552	-3.085841359900098	-3.384055816671714	-2.5715345130845337	-6	-6
6.4	-3.635750321505526	-3.5734261694916967	-3.2001066403688383	-3.5020480565068004	-2.6667555492014743	-6	-6
6.600000000000001	-3.7328584360211927	-3.6685731490026092	-3.309892542430016	-3.6147179488585817	-2.758243759181292	-6	-6
6.800000000000001	-3.8253604758765123	-3.7599901795136867	-3.4153727726440373	-3.7223060639940777	-2.846144080081373	-6	-6
7.	-3.913581775207879	-3.847821756941772	-3.5167177101773652	-3.825041332626722	-2.9305980079155765	-6	-6
7.200000000000001	-3.997808676997164	-3.9322102023695646	-3.614088556112769	-3.923142718477131	-3.0117405653483464	-6	-6
7.4	-4.0782948174666425	-4.013289339592595	-3.707641341888677	-4.016819348790497	-3.0897010377656517	-6	-6
7.600000000000001	-4.155266302028004	-4.091189193773914	-3.7975262850418483	-4.1062705127843095	-3.1646052785845695	-6	-6
7.800000000000001	-4.228925972507877	-4.166035073861662	-3.8838861327229064	-4.191687243557336	-3.2365718030695554	-6	-6
8.	-4.2994569292162215	-4.237945462452309	-3.9668605312352323	-4.273250934964647	-3.3057170702144716	-6	-6
8.200000000000001	-4.367025441819624	-4.307036942864912	-4.046580761493855	-4.351136074263365	-3.372150745544606	-6	-6
8.4	-4.431783358741819	-4.373418843089582	-4.123175632744925	-4.4255078579556155	-3.4359795999593827	-6	-6
8.600000000000001	-4.49387010496701	-4.437197937521271	-4.196766918858308	-4.4965262727318684	-3.4973058654662803	-6	-6
8.8	-4.5534143418689785	-4.498476505184606	-4.267472737806974	-4.564339796417678	-3.556227105778045	-6	-6
9.	-4.610535349383278	-4.557351754977309	-4.335407073801009	-4.62909497215953	-3.612839078833894	-6	-6
9.200000000000001	-4.665344179942478	-4.61391957464524	-4.400676288038076	-4.690930360004618	-3.6672304886579403	-6	-6
9.4	-4.717944624672156	-4.6682688468477895	-4.463385996802421	-4.749975180054462	-3.7194883364684888	-6	-6
9.600000000000001	-4.768434025038582	-4.720485945516104	-4.5236383687367026	-4.806357592383408	-3.7696984265036053	-6	-6
9.8	-4.816903957155364	-4.770656660540306	-4.581527331858092	-4.860197312497055	-3.8179395960334483	-6	-6
10.	-4.863440811056452	-4.818860484658321	-4.637145616658757	-4.91160733740919	-3.864288182860305	-6	-6
10.200000000000001	-4.9081262832292385	-4.865173089942939	-4.690584488399168	-4.960699567412449	-3.9088201757999377	-6	-6
10.4	-4.951037797415073	-4.909670021908294	-4.741927722186214	-5.007577471315925	-3.951606481353221	-6	-6
10.600000000000001	-4.992248865991913	-4.952423143214466	-4.791256721382144	-5.0523399813547485	-3.992714164637491	-6	-6
10.8	-5.031829402048672	-4.993499053934893	-4.838652409764289	-5.095084605756978	-4.032210147212361	-6	-6
11.	-5.069845990454099	-5.0329639534580535	-4.8841900187314815	-5.13590087716704	-4.070158298455031	-6	-6
11.2	-5.106362124743067	-5.070882508819078	-4.927941067255099	-5.174875485494038	-4.106617774001029	-6	-6
11.400000000000002	-5.141438415430063	-5.107313892081827	-4.969976916951699	-5.212093194834832	-4.141647329016075	-6	-6
11.600000000000001	-5.175132774365979	-5.142316053956564	-5.010365282102144	-5.247631637960187	-4.175304279623729	-6	-6
11.8	-5.207500578939422	-5.175946514817655	-5.04916919487192	-5.281566796502968	-4.207641159300753	-6	-6
12.	-5.238594819256276	-5.208258494338182	-5.086451379010188	-5.313972166704891	-4.238709516252397	-6	-6
12.2	-5.268466230883142	-5.23930275185121	-5.122272647801767	-5.344915244195614	-4.268560378563937	-6	-6
12.400000000000002	-5.297163415291633	-5.269129959714468	-5.1566888545795875	-5.374462597932867	-4.297240801971769	-6	-6
12.600000000000001	-5.324732949771629	-5.297788233246157	-5.189755063423211	-5.402677831142166	-4.324796020177814	-6	-6
12.8	-5.351219488279274	-5.325322226910125	-5.221525550705701	-5.429619767410645	-4.351271129335811	-6	-6
13.	-5.376665854437331	-5.351776351412207	-5.2520501811494436	-5.455346806171873	-4.376708499005632	-6	-6
13.2	-5.4011131277011435	-5.377193927252976	-5.281377293508791	-5.479914445294592	-4.401147908043035	-6	-6
13.400000000000002	-5.42460072353624	-5.401614600379554	-5.309554977650076	-5.503373011650183	-4.42462902202115	-6	-6
13.600000000000001	-5.447166468315324	-5.425077249191348	-5.336628035249166	-5.525772376370714	-4.447189979758194	-6	-6
13.8	-5.46884666952904	-5.447620436759881	-5.362638946795915	-5.547162251968706	-4.468865935107448	-6	-6
14.	-5.4896761818115465	-5.469279795661587	-5.387630167061905	-5.567588377623155	-4.489691698588088	-6	-6
14.200000000000003	-5.509688469204338	-5.490089375761515	-5.411642544286224	-5.587092395662225	-4.509701765475577	-6	-6
14.400000000000002	-5.528915664018656	-5.510083232113825	-5.434712900240751	-5.605715766602054	-4.528927369576675	-6	-6
14.600000000000001	-5.547388622603857	-5.529294023279602	-5.4568775427474385	-5.623499820579786	-4.547398275906005	-6	-6
14.8	-5.565136978285353	-5.547751144305054	-5.478172779628239	-5.640482592493793	-4.565144248138121	-6	-6
15.	-5.582189191700016	-5.565483609447421	-5.498634319084058	-5.656698703497641	-4.582194990372726	-6	-6
15.200000000000003	-5.598572598726444	-5.582520432963945	-5.518293955955967	-5.672182621972563	-4.598578064643187	-6	-6
15.400000000000002	-5.614313456182677	-5.598890275410715	-5.537181947811129	-5.686968709147019	-4.61431840515646	-6	-6
15.600000000000001	-5.629436985442879	-5.614618740819452	-5.555328550273512	-5.701088593475453	-4.629440791140291	-6	-6
15.8	-5.6439674141070375	-5.629729902000678	-5.572764001352303	-5.7145710588584775	-4.643970001822422	-6	-6
16.	-5.657928015842952	-5.644247822588446	-5.589516833053559	-5.727444760817063	-4.6579304111140765	-6	-6
16.200000000000003	-5.671341148507215	-5.658196566151101	-5.60561255800059	-5.739738266836749	-4.671343714085133	-6	-6
16.400000000000002	-5.684228290641618	-5.671599338792883	-5.621076388523586	-5.751477878141269	-4.684230541763541	-6	-6
16.6	-5.696610076432035	-5.684476621817675	-5.635933536952735	-5.762687525309603	-4.696611523703957	-6	-6
16.8	-5.708506329209522	-5.696848372964954	-5.650208951114685	-5.7733910309790835	-4.708507280751936	-6	-6
17.	-5.719936093566431	-5.708734549974201	-5.663925040449324	-5.783612145472484	-4.7199373277153205	-6	-6
17.200000000000003	-5.730917666154898	-5.720155075292194	-5.677102826875597	-5.793372740041691	-4.73091906978771	-6	-6
17.400000000000002	-5.741468625229977	-5.731128449222568	-5.6897633201384625	-5.802692710593762	-4.741469681820153	-6	-6
17.6	-5.751605858995048	-5.741671340421082	-5.701927527933877	-5.811591862298594	-4.7516063386637	-6	-6
17.8	-5.761345592803931	-5.751800301368545	-5.713615541927851	-5.820089940895895	-4.761346069789498	-6	-6
18.	-5.770703415270022	-5.761531884545764	-5.724845200701711	-5.828205133707939	-4.770704235273745	-6	-6
18.200000000000003	-5.77969430333032	-5.770882464954931	-5.735634011722104	-5.8359539820050035	-4.779695148172901	-6	-6
18.400000000000002	-5.788332646308946	-5.779866711037196	-5.745999482455677	-5.843352950814624	-4.788333106990856	-6	-6
18.6	-5.7966322690228544	-5.788498358834947	-5.7559590129611715	-5.8504184563510995	-4.796632410115687	-6	-6
18.8	-5.80460645396972	-5.796791136379455	-5.765528412798122	-5.857165622616273	-4.804606837534935	-6	-6
19.	-5.8122679626361515	-5.80475877170199	-5.774722298200036	-5.863608201933878	-4.812268586114236	-6	-6
19.200000000000003	-5.819629055962512	-5.812414545293055	-5.783555258398057	-5.869759882531265	-4.819629559911579	-6	-6
19.400000000000002	-5.826701513998831	-5.81977017367741	-5.79204188262333	-5.875634322048374	-4.826701662984955	-6	-6
19.6	-5.833496654784733	-5.826837042590029	-5.80019629394034	-5.881244146708425	-4.833496756259125	-6	-6
19.8	-5.840025352484725	-5.833626537771953	-5.808030992623163	-5.886600727574369	-4.8400257287976025	-6	-6
20.	-5.846298054808751	-5.840150029340672	-5.815558135965524	-5.891715359831725	-4.846298527923481	-6	-6
20.200000000000003	-5.852324799746922	-5.8464181168848555	-5.822789881263374	-5.896599337885442	-4.852325064119833	-6	-6
20.400000000000002	-5.858115231645548	-5.852440321000412	-5.829738347091181	-5.901263442385444	-4.8581152478697325	-6	-6
20.6	-5.863678616650976	-5.858226084669607	-5.836414690180355	-5.905717126153974	-4.863678769440527	-6	-6
20.8	-5.869023857546241	-5.863784850874711	-5.842829083863626	-5.909969636594735	-4.8690242159278085	-6	-6
21.	-5.874159508004579	-5.8691259741070185	-5.848991658912567	-5.914030221111432	-4.874159837925077	-6	-6
21.200000000000003	-5.879093786283091	-5.874257858555347	-5.854912546098748	-5.917907976569972	-4.87909388622234	-6	-6
21.400000000000002	-5.883834588378594	-5.879188342549493	-5.8606016860094226	-5.921610929061069	-4.88383460612544	-6	-6
21.6	-5.888389500666725	-5.883925257820517	-5.8660678747288735	-5.925146650916713	-4.88838975762156	-6	-6
21.8	-5.892765812045205	-5.888476436099476	-5.87131948265415	-5.92852271342999	-4.8927662418666245	-6	-6
22.	-5.896970525600126	-5.892849500339487	-5.876364879481786	-5.931746662923541	-4.896970872138943	-6	-6
22.200000000000003	-5.901010369814628	-5.89705115662561	-5.881212434908313	-5.934825400497879	-4.901010461716822	-6	-6
22.400000000000002	-5.904891809337727	-5.901087859642071	-5.885870308356122	-5.937765154963824	-4.90489181522062	-6	-6
22.6	-5.908621055330443	-5.904966064068955	-5.890345646069643	-5.940572125169067	-4.9086212584121895	-6	-6
22.8	-5.912204075406432	-5.908692224586348	-5.894645300025468	-5.943252509533507	-4.912204421453504	-6	-6
23.	-5.915646603182136	-5.912272587111831	-5.898776122515131	-5.945812224621494	-4.915646882393863	-6	-6
23.200000000000003	-5.918954147452814	-5.915712612986085	-5.902744965830168	-5.948256458307287	-4.918954219282565	-6	-6
23.400000000000002	-5.922132001008281	-5.919017586629396	-5.9065585102359455	-5.950590285684165	-4.922132003089763	-6	-6
23.6	-5.925185249103167	-5.922192792516091	-5.9102226067635435	-5.952818781845406	-4.925185412956572	-6	-6
23.8	-5.928118777594815	-5.925243515120496	-5.913742865458144	-5.954946939255925	-4.9281190585982975	-6	-6
24.	-5.930937280761968	-5.928174868114692	-5.917124896621075	-5.9569791627232505	-4.930937507032481	-6	-6
24.200000000000003	-5.933645268817035	-5.930991322999403	-5.920374310553666	-5.958919608064179	-4.933645325276664	-6	-6
24.400000000000002	-5.936247075123552	-5.933697206380073	-5.92349657662229	-5.960772430526734	-4.936247074545082	-6	-6
24.6	-5.938746863130705	-5.93629684490625	-5.926496485150352	-5.962541771654559	-4.9387469951066265	-6	-6
24.8	-5.941148633035962	-5.938794565227484	-5.929378629253372	-5.96423141885692	-4.941148861040868	-6	-6
25.	-5.9434562281862435	-5.941194554071364	-5.932147602258102	-5.965844790536843	-4.94345641150505	-6	-6
25.200000000000003	-5.945673341228324	-5.9435004723278055	-5.934807997491292	-5.967385288649469	-4.945673385656416	-6	-6
25.400000000000002	-5.947803520017889	-5.945715862318485	-5.937364292931911	-5.968856314915253	-4.947803517904933	-6	-6
25.6	-5.949850173296929	-5.947844266401311	-5.93982041058508	-5.970261116397739	-4.949850279940221	-6	-6
25.8	-5.951816576148579	-5.94988922693419	-5.942180110902616	-5.971602540297192	-4.951816761687359	-6	-6
26.	-5.953705875237897	-5.951854171751232	-5.9444471545083015	-5.972883371920629	-4.953706024450431	-6	-6
26.200000000000003	-5.955521093847324	-5.953742098143337	-5.946625302025916	-5.974106396575067	-4.955521129533522	-6	-6
26.400000000000002	-5.95726513671455	-5.9555559062686685	-5.948718219657092	-5.975274354205291	-4.9572651343543335	-6	-6
26.6	-5.958940794680795	-5.9572984963149755	-5.950729118515147	-5.976389662195606	-4.958940881274884	-6	-6
26.8	-5.960550749156759	-5.958972768470006	-5.952661077485107	-5.977454601290211	-4.960550900173373	-6	-6
27.	-5.962097576413427	-5.960581529170845	-5.954517175592874	-5.978471451922147	-4.962097697503775	-6	-6
27.200000000000003	-5.963583751704735	-5.962127232428485	-5.956300491864345	-5.979442487006301	-4.963583779720068	-6	-6
27.4	-5.965011653228446	-5.9636122527522675	-5.958014027973976	-5.980369785130039	-4.965011650091318	-6	-6
27.6	-5.966383565931804	-5.965038964675763	-5.959660412890545	-5.9812552223540685	-4.966383635734517	-6	-6
27.800000000000004	-5.9677016851680555	-5.9664097427325435	-5.961242167334829	-5.982100665707543	-4.967701807884961	-6	-6
28.	-5.968968120209281	-5.967726884661754	-5.962761812143471	-5.982907982090774	-4.968968218607977	-6	-6
28.200000000000003	-5.970184897621878	-5.968992399589282	-5.964221868153114	-5.983678953523431	-4.970184919968898	-6	-6
28.4	-5.9713539645093565	-5.970208231558536	-5.9656247817784305	-5.984415142588025	-4.971353959727777	-6	-6
28.6	-5.972477191628226	-5.971376324632806	-5.9669727012009455	-5.985118077906002	-4.972477222675745	-6	-6
28.800000000000004	-5.973556376381602	-5.972498622875382	-5.968267712663281	-5.985789288098809	-4.973556420397605	-6	-6
29.	-5.974593245695361	-5.973576977880221	-5.9695119027802415	-5.986430265525935	-4.974593261220324	-6	-6
29.200000000000003	-5.97558945878163	-5.974613040843372	-5.970707351668556	-5.987042331426558	-4.975589453209169	-6	-6
29.4	-5.976546609793952	-5.9756084674482075	-5.971855978492211	-5.987626777688443	-4.9765466322194465	-6	-6
29.6	-5.977466230378154	-5.976564882358345	-5.972959537772722	-5.988184877799033	-4.977466268473381	-6	-6
29.800000000000004	-5.978349792123419	-5.977483786576065	-5.974019776863105	-5.988717799432514	-4.978349809475085	-6	-6
30.	-5.979198708917027	-5.978366650528134	-5.975038443116377	-5.989226675202068	-4.979198702728669	-6	-6