-5.	0.	0.	0.	0.	0.	0	0
-4.8	0.	0.	0.	0.	0.	0	0
-4.6	0.	0.	0.	0.	0.	0	0
-4.4	0.	0.	0.	0.	0.	0	0
-4.2	0.	0.	0.	0.	0.	0	0
-4.	0.	0.	0.	0.	0.	0	0
-3.8	0.	0.	0.	0.	0.	0	0
-3.5999999999999996	0.	0.	0.	0.	0.	0	0
-3.4	0.	0.	0.	0.	0.	0	0
-3.2	0.	0.	0.	0.	0.	0	0
-3.	0.	0.	0.	0.	0.	0	0
-2.8	0.	0.	0.	0.	0.	0	0
-2.5999999999999996	0.	0.	0.	0.	0.	0	0
-2.4	0.	0.	0.	0.	0.	0	0
-2.1999999999999997	0.	0.	0.	0.	0.	0	0
-2.	0.	0.	0.	0.	0.	0	0
-1.7999999999999998	0.	0.	0.	0.	0.	0	0
-1.5999999999999996	0.	0.	0.	0.	0.	0	0
-1.4	0.	0.	0.	0.	0.	0	0
-1.1999999999999997	0.	0.	0.	0.	0.	0	0
-1.	0.	0.	0.	0.	0.	0	0
-0.7999999999999998	0.	0.	0.	0.	0.	0	0
-0.5999999999999996	0.	0.	0.	0.	0.	0	0
-0.39999999999999947	0.	0.	0.	0.	0.	0	0
-0.1999999999999993	0.	0.	0.	0.	0.	0	0
0.	0.	0.	0.	0.	0.	0	0
0.001	-0.0007408917482899791	-0.006848549920936635	-9.10954920868e-7	-1.5068602634224211e-6	-4.6102247107867893e-7	145.78288000000003	-0.017120000000000003
0.01	-0.007882791910873918	-0.8011995298479754	-0.0019988545731466074	-0.003330200592312528	-0.000999441454209806	-2.	-2.
0.1	-0.10944600932335272	-0.8225848987767834	-0.03764112777178275	-0.06234070497968797	-0.018820579673387936	-2	-2
0.20000000000000018	-0.2154130947525102	-0.8458992565213272	-0.07649843737772243	-0.12586473194296077	-0.03824922738491631	-2	-2
0.40000000000000036	-0.40227876730228734	-0.8911521927082104	-0.1519200129211895	-0.24673336721384956	-0.07596001388668544	-2	-2
0.6000000000000005	-0.5606285850215392	-0.9346307401173397	-0.22438426599782657	-0.35980683801498925	-0.11219214099134028	-2	-2
0.8000000000000007	-0.6954215387843423	-0.9764044680801854	-0.29400721383396616	-0.46558785001422653	-0.147003585165424	-2	-2
1.	-0.8107259433628414	-1.0165402227408524	-0.3609001143213276	-0.5645467270896882	-0.18045010829000144	-2	-2
1.2000000000000002	-0.9098805666580979	-1.0551023611083175	-0.42517013184124514	-0.6571234396434446	-0.21258508441699103	-2	-2
1.4000000000000004	-0.9956265638198584	-1.0921522297108255	-0.4869201271905832	-0.7437295912874337	-0.2434600810598646	-2	-2
1.6000000000000005	-1.0702155079345264	-1.1277495408793097	-0.5462488065641449	-0.8247505538982236	-0.2731244292608926	-2	-2
1.8000000000000007	-1.1354978497613408	-1.1619508556208102	-0.6032511990962883	-0.9005456362202955	-0.3016256106136314	-2	-2
2.	-1.1929953536701043	-1.194811275231238	-0.6580185353340064	-0.9714529539306493	-0.3290092892977968	-2	-2
2.2	-1.2439604139619473	-1.2263831454304146	-0.7106383569027737	-1.0377871143943649	-0.3553191726109592	-2	-2
2.4000000000000004	-1.289424629333101	-1.2567171135441133	-0.7611949392200573	-1.0998429018322857	-0.38059750633783274	-2	-2
2.6000000000000005	-1.330238582243475	-1.2858616523579907	-0.8097694330556333	-1.1578969559233006	-0.4048845958896317	-2	-2
2.8000000000000007	-1.3671044170797437	-1.3138633956414876	-0.8564390198588924	-1.2122066875260469	-0.4282194220167823	-2	-2
3.	-1.4006025220947516	-1.3407672267847415	-0.9012784888980808	-1.2630137140145026	-0.45063930768043015	-2	-2
3.200000000000001	-1.4312133835667233	-1.3666160817177881	-0.9443602616961712	-1.3105443671992976	-0.47218021212309147	-2	-2
3.4000000000000004	-1.459335486959923	-1.3914514423607371	-0.985752262632142	-1.3550093529552778	-0.4928761396883335	-2	-2
3.5999999999999996	-1.4852999813110082	-1.4153129664987874	-1.0255215838063152	-1.3966066916878828	-0.5127607931810338	-2	-2
3.8000000000000007	-1.5093826932489298	-1.438238861200405	-1.0637315191898273	-1.4355217244931515	-0.5318658418658991	-2	-2
4.	-1.5318139707710574	-1.460266040837945	-1.1004429048052107	-1.4719262942220146	-0.5502214753325304	-2	-2
4.200000000000001	-1.552786749878796	-1.4814295354416243	-1.1357152810244027	-1.5059836869770395	-0.5678576295948424	-2	-2
4.4	-1.5724631659299817	-1.5017626899829253	-1.1696042445102937	-1.5378439777335904	-0.584802249818664	-2	-2
4.600000000000001	-1.5909799732336498	-1.5212987654867045	-1.202164511412004	-1.5676501131229137	-0.6010822268306377	-2	-2
4.800000000000001	-1.6084529886543644	-1.540069226805818	-1.2334482287231547	-1.5955333772784654	-0.6167241272294677	-2	-2
5.	-1.6249807358916104	-1.5581032979704634	-1.263504948219299	-1.6216189224303366	-0.631752619974412	-2	-2
5.200000000000001	-1.6406474350855909	-1.575430063605345	-1.2923834973755106	-1.6460216018723606	-0.646191668216095	-2	-2
5.4	-1.6555254561893924	-1.592077826869512	-1.3201295014713574	-1.6688509827326654	-0.66006481348479	-2	-2
5.600000000000001	-1.669677333087103	-1.6080726530002099	-1.3467875160406892	-1.6902075498049862	-0.6733938597280543	-2	-2
5.800000000000001	-1.6831574178667488	-1.6234402529234864	-1.3724004998794939	-1.7101872203622976	-0.6862001633600291	-2	-2
6.	-1.6960132402709829	-1.6382055032090146	-1.3970088765229427	-1.7288779135676522	-0.6985045500352096	-2	-2
6.200000000000001	-1.7082866255698348	-1.6523915976288015	-1.4206526774558073	-1.7463635916247449	-0.7103263251472586	-2	-2
6.4	-1.7200146144560704	-1.6660214936248723	-1.4433694511626403	-1.7627211848706623	-0.721684520154371	-2	-2
6.600000000000001	-1.7312302206676984	-1.6791170753177598	-1.465194974479256	-1.7780244032816581	-0.7325975331028276	-2	-2
6.800000000000001	-1.7419630555772019	-1.6916989771589002	-1.4861649225607303	-1.7923400967053575	-0.7430824837697031	-2	-2
7.	-1.7522398436937183	-1.7037876641216516	-1.5063129803391793	-1.8057326904240834	-0.753156336050127	-2	-2
7.200000000000001	-1.7620848486902918	-1.7154023709823178	-1.5256705993511008	-1.8182617623017034	-0.7628354105263289	-2	-2
7.4	-1.77152022601957	-1.7265615037080266	-1.5442691110621651	-1.8299822953758158	-0.7721347614787307	-2	-2
7.600000000000001	-1.7805663152756899	-1.7372832492289347	-1.5621388435789765	-1.840947533354254	-0.7810693035633195	-2	-2
7.800000000000001	-1.789241883080788	-1.747584534409492	-1.5793076401761372	-1.8512051507059608	-0.7896537850297256	-2	-2
8.	-1.797564325326463	-1.757481806187965	-1.5958029684076158	-1.8608013881762093	-0.7979017026611763	-2	-2
8.200000000000001	-1.805549836005248	-1.766991162356282	-1.6116519233165265	-1.8697788485723295	-0.8058259874776648	-2	-2
8.4	-1.8132135485608554	-1.7761275482494823	-1.6268793910395976	-1.878176987141718	-0.8134395649195837	-2	-2
8.600000000000001	-1.8205696546162289	-1.7849056668444325	-1.6415094508932822	-1.886033928826901	-0.8207548484598353	-2	-2
8.8	-1.8276315040625075	-1.7933397095723282	-1.655566085717301	-1.893383821485078	-0.8277831783505022	-2	-2
9.	-1.8344116897745333	-1.801442929755751	-1.669071712808599	-1.900259843099737	-0.8345357608971585	-2	-2
9.200000000000001	-1.8409221196310566	-1.80922848308366	-1.6820474759689805	-1.9066924627789723	-0.8410237347667057	-2	-2
9.4	-1.8471740780365495	-1.8167089520370099	-1.6945144725606962	-1.9127099981001503	-0.8472573942339089	-2	-2
9.600000000000001	-1.8531782787474527	-1.823895914464125	-1.70649291654108	-1.9183397439314036	-0.853246463417977	-2	-2
9.8	-1.8589449104827143	-1.8308008635475206	-1.7180014676356392	-1.9236061633327444	-0.8590006559317772	-2	-2
10.	-1.8644836765341397	-1.837435250451928	-1.7290586286646308	-1.9285330598606394	-0.8645294178079461	-2	-2
10.200000000000001	-1.869803829375219	-1.8438096836186368	-1.7396825293350113	-1.9331422236677962	-0.8698413385302248	-2	-2
10.4	-1.8749142010896933	-1.8499339994130444	-1.7498897757511214	-1.937453982576146	-0.8749448380037838	-2	-2
10.600000000000001	-1.879823230295478	-1.8558180063145793	-1.7596965876500716	-1.9414879663764069	-0.8798483127134791	-2	-2
10.8	-1.8845389861204074	-1.8614714688660707	-1.7691191244294957	-1.9452615522797387	-0.8845596198654927	-2	-2
11.	-1.8890691896884397	-1.866903400558559	-1.778172369513698	-1.948791649886979	-0.8890860805836466	-2	-2
11.2	-1.8934212334947864	-1.8721221904395124	-1.7868703312101701	-1.9520943968337379	-0.8934349932448838	-2	-2
11.400000000000002	-1.8976021989827339	-1.8771362090584707	-1.7952269923934963	-1.9551839480942441	-0.8976135268775393	-2	-2
11.600000000000001	-1.9016188725809042	-1.8819537816449483	-1.8032562670321368	-1.9580741479063315	-0.9016282063623691	-2	-2
11.8	-1.9054777604154651	-1.8865825666561364	-1.8109709414601924	-1.960778208574922	-0.9054853579942832	-2	-2
12.	-1.9091851018754915	-1.89102971951501	-1.8183828933081305	-1.9633077192761481	-0.9091913080749837	-2	-2
12.2	-1.9127468821797013	-1.8953023836485665	-1.8255039753522262	-1.965674014772754	-0.9127521092936832	-2	-2
12.400000000000002	-1.9161688440683873	-1.8994076562420594	-1.8323460142455517	-1.9678879123763666	-0.9161732214486357	-2	-2
12.600000000000001	-1.9194564987240574	-1.9033520445702048	-1.838920030051465	-1.9699589005354075	-0.9194600326876008	-2	-2
12.8	-1.9226151360077541	-1.907141652495647	-1.8452361168360645	-1.97189625945496	-0.9226179311583383	-2	-2
13.	-1.9256498340843105	-1.9107825763312203	-1.8513043191061087	-1.9737088456681746	-0.925652194440907	-2	-2
13.2	-1.9285654684985014	-1.9142808656628008	-1.857134674335518	-1.9754044275657714	-0.9285675181047082	-2	-2
13.400000000000002	-1.9313667207547744	-1.9176420498253863	-1.862736677673383	-1.9769906029945772	-0.9313684108061853	-2	-2
13.600000000000001	-1.9340580864454555	-1.9208713359953915	-1.8681189238540217	-1.9784746230140362	-0.9340593812592008	-2	-2
13.8	-1.9366438829660355	-1.9239739267652618	-1.8732899244963241	-1.9798628479507758	-0.9366449271755649	-2	-2
14.	-1.9391282568508021	-1.9269549779676978	-1.878258190357499	-1.9811614985145756	-0.9391292141360867	-2	-2
14.200000000000003	-1.9415151907576587	-1.9298191883226787	-1.883031890906542	-1.9823765113982716	-0.9415160327911719	-2	-2
14.400000000000002	-1.9438085101273586	-1.9325710004273626	-1.8876183620642741	-1.9835130939312025	-0.9438091545219516	-2	-2
14.600000000000001	-1.946011889539319	-1.9352148542149816	-1.8920248171446508	-1.984576339149847	-0.9460123507095574	-2	-2
14.8	-1.9481288587835173	-1.9377551648628464	-1.8962584694616273	-1.9855711076056028	-0.9481292940711536	-2	-2
15.	-1.9501628086659497	-1.940195951378113	-1.9003263322590325	-1.9865016627116587	-0.9501632442283943	-2	-2
15.200000000000003	-1.9521169965632155	-1.942540940610701	-1.9042346837357942	-1.9873721742849926	-0.9521173554970416	-2	-2
15.400000000000002	-1.953994551740278	-1.944793853679016	-1.9079896365258175	-1.988186621795167	-0.9539947822399868	-2	-2
15.600000000000001	-1.9557984804441373	-1.9469584117014629	-1.9115973032680822	-1.9889484958515042	-0.955798666805527	-2	-2
15.8	-1.9575316707850328	-1.9490382567506508	-1.915063686736914	-1.9896612104486529	-0.9575318963049224	-2	-2
16.	-1.9591968974158025	-1.951036596065505	-1.9183941766998152	-1.9903280237180694	-0.959197118265455	-2	-2
16.200000000000003	-1.960796826019215	-1.952956492394365	-1.9215939535883515	-1.990951793497405	-0.9607969713646681	-2	-2
16.400000000000002	-1.9623340176123598	-1.9548010085704417	-1.9246681977805322	-1.9915353148905033	-0.9623340942796633	-2	-2
16.6	-1.9638109326765298	-1.956573207426945	-1.9276220334408416	-1.9920812554176905	-0.9638110406168392	-2	-2
16.8	-1.9652299351204632	-1.9582760550613416	-1.9304600983145803	-1.992591954903243	-0.9652300765080668	-2	-2
17.	-1.9665932960843648	-1.9599121531213866	-1.933186784206355	-1.9930697019349568	-0.9665934089741414	-2	-2
17.200000000000003	-1.9679031975915968	-1.9614840210818412	-1.935806481233291	-1.9935166886391569	-0.9679032450358585	-2	-2
17.400000000000002	-1.969161736054665	-1.962994178446587	-1.9383235671371166	-1.9939348211119663	-0.9691617792637716	-2	-2
17.6	-1.9703709256415445	-1.964445144598898	-1.940742074335071	-1.9943259527225177	-0.9703710123229998	-2	-2
17.8	-1.9715327015083601	-1.9658393288495024	-1.9430656764276655	-1.9946919030665515	-0.9715327942147268	-2	-2
18.	-1.9726489229038522	-1.9671788492369446	-1.9452980315655113	-1.9950342548774722	-0.9726489712090848	-2	-2
18.200000000000003	-1.9737213761509822	-1.9684657780679569	-1.94744279789922	-1.9953544912740009	-0.9737213895000962	-2	-2
18.400000000000002	-1.9747517775106556	-1.9697021876492722	-1.9495036055714916	-1.9956540900052695	-0.9747518228243011	-2	-2
18.6	-1.9757417759324134	-1.970890149366163	-1.9514837120085171	-1.995934391398376	-0.9757418479062492	-2	-2
18.8	-1.9766929556966055	-1.9720316162925078	-1.9533861167564885	-1.996196588569462	-0.9766930091215181	-2	-2
19.	-1.9776068389524653	-1.973128317353837	-1.955213814818401	-1.9964418675504616	-0.9776068508456857	-2	-2
19.200000000000003	-1.978484888156211	-1.9741819574670383	-1.9569698011972487	-1.9966713583049889	-0.9784849085410104	-2	-2
19.400000000000002	-1.9793285084132244	-1.9751942415489987	-1.9586570479711845	-1.9968860360940301	-0.9793285762051936	-2	-2
19.6	-1.980139049728098	-1.976166871965915	-1.9602782221063932	-1.997086850101202	-0.9801391352687391	-2	-2
19.8	-1.9809178091662323	-1.9771014296059795	-1.9618357794385324	-1.9972747343808284	-0.9809178640861476	-2	-2
20.	-1.9816660329304538	-1.9779993283630293	-1.9633321720817143	-1.997450504248242	-0.9816660410119202	-2	-2
20.200000000000003	-1.9823849183560869	-1.9788619705331758	-1.9647698521500527	-1.9976149195480872	-0.9823849323914906	-2	-2
20.400000000000002	-1.9830756158276526	-1.9796907584125298	-1.9661512529811918	-1.9977687377112934	-0.9830756690856103	-2	-2
20.6	-1.983739230620306	-1.980487089396505	-1.9674785580848686	-1.997912649047584	-0.9837392987490355	-2	-2
20.8	-1.9843768246690023	-1.9812522418178928	-1.9687537781436384	-1.9980472657284591	-0.9843768680124753	-2	-2
21.	-1.9849894182681762	-1.981987374372454	-1.9699789207973328	-1.9981731955915298	-0.9849894235066385	-2	-2
21.200000000000003	-1.9855779917047855	-1.9826936408128892	-1.9711559936857839	-1.9982910196702384	-0.9855780020301709	-2	-2
21.400000000000002	-1.9861434868272299	-1.9833721948918983	-1.9722869890777157	-1.9984012390850827	-0.986143529452644	-2	-2
21.6	-1.986686808552692	-1.9840241825092093	-1.9733736946859881	-1.9985043403306855	-0.9866868635149275	-2	-2
21.8	-1.9872088263154284	-1.9846506368238432	-1.9744177566898558	-1.998600804231134	-0.9872088611191953	-2	-2
22.	-1.9877103754581429	-1.985252508656017	-1.9754208187748914	-1.9986910513683127	-0.9877103791676213	-2	-2
22.200000000000003	-1.9881922585688603	-1.9858307471327785	-1.9763845246266674	-1.9987754661534751	-0.9881922665133938	-2	-2
22.400000000000002	-1.9886552467653296	-1.9863863013811751	-1.9773105053503202	-1.9988544325138062	-0.9886552811975905	-2	-2
22.6	-1.9891000809290311	-1.9869201094823918	-1.9782002246137163	-1.9989283197059025	-0.9891001254874603	-2	-2
22.8	-1.9895274728908547	-1.9874330069038177	-1.9790550302210235	-1.998997440297464	-0.9895275009636334	-2	-2
23.	-1.98993810657019	-1.9879257747830916	-1.9798762679340367	-1.9990620934154548	-0.9899381092067403	-2	-2
23.200000000000003	-1.9903326390694198	-1.9883991938624825	-1.980665283514551	-1.9991225779975847	-0.9903326452059679	-2	-2
23.400000000000002	-1.9907117017254183	-1.9888540448842598	-1.9814234124179788	-1.9991791714322997	-0.990711729589115	-2	-2
23.6	-1.9910759011199053	-1.9892910942690871	-1.9821518529757818	-1.9992321109440814	-0.9910759373174769	-2	-2
23.8	-1.991425820050095	-1.9897110183571725	-1.9828517086633153	-1.9992816294569977	-0.9914258427904106	-2	-2
24.	-1.991762018461322	-1.990114459514373	-1.9835240812862536	-1.9993279587486126	-0.9917620204072733	-2	-2
24.200000000000003	-1.9920850343430998	-1.9905020600942251	-1.9841700726502713	-1.9993713053888338	-0.9920850391724992	-2	-2
24.400000000000002	-1.9923953845900098	-1.9908744624502648	-1.9847907761270254	-1.9994118516971164	-0.9923954072174132	-2	-2
24.6	-1.9926935658288776	-1.9912322914098863	-1.9853871728390482	-1.9994497790407626	-0.9926935952837476	-2	-2
24.8	-1.9929800552134829	-1.9915760954390649	-1.9859601662357718	-1.9994852658265894	-0.9929800736527219	-2	-2
25.	-1.9932553111881037	-1.9919064029051248	-1.9865106583975576	-1.9995184656475884	-0.9932553126055554	-2	-2
25.200000000000003	-1.993519774221147	-1.992223742191131	-1.9870395514047676	-1.9995495198805797	-0.9935197780051611	-2	-2
25.400000000000002	-1.99377386750998	-1.9925286416817278	-1.9875477404313744	-1.9995785698275785	-0.9937738858710317	-2	-2
25.6	-1.9940179976581516	-1.9928216137241819	-1.9880360287493424	-1.9996057513503642	-0.9940180216140985	-2	-2
25.8	-1.9942525553260564	-1.9931031041324936	-1.9885051560475995	-1.9996311793887869	-0.9942525702687168	-2	-2
26.	-1.994477915856054	-1.9933735417276541	-1.9889558608951519	-1.9996549639532	-0.9944779168692423	-2	-2
26.200000000000003	-1.9946944398731186	-1.9936333553306533	-1.9893888818610055	-1.999677214985341	-0.9946944428330011	-2	-2
26.400000000000002	-1.9949024738619012	-1.993882973762482	-1.9898049518589211	-1.999698034533003	-0.994902488768762	-2	-2
26.6	-1.9951023507212011	-1.9941228237800992	-1.9902047285501392	-1.9997175098723128	-0.9951023702221989	-2	-2
26.8	-1.9952943902966582	-1.994353288926352	-1.9905888175324264	-1.9997357266878193	-0.995294402430452	-2	-2
27.	-1.9954788998925863	-1.9945747134405774	-1.9909578234865661	-1.9997527704936933	-0.9954789006306609	-2	-2
27.200000000000003	-1.9956561747637143	-1.9947874403023316	-1.9913123510933413	-1.9997687183648367	-0.9956561779873763	-2	-2
27.4	-1.9958264985876755	-1.9949918124911716	-1.9916530004050468	-1.9997836360242423	-0.9958265155046322	-2	-2
27.6	-1.9959901439189256	-1.9951881729866539	-1.991980309873828	-1.9997975884390005	-0.9959901689230669	-2	-2
27.800000000000004	-1.9961473726249326	-1.995376855168194	-1.992294775326875	-1.999810640576202	-0.9961473933096127	-2	-2
28.	-1.996298436305162	-1.9955581464003556	-1.9925968918401082	-1.9998228542440786	-0.9962984437312022	-2	-2
28.200000000000003	-1.9964435766937545	-1.9957323208763453	-1.9928871544894486	-1.999834280212848	-0.9964435752547479	-2	-2
28.4	-1.9965830260462842	-1.9958996528089263	-1.993166055677766	-1.9998449669875704	-0.9965830320507121	-2	-2
28.6	-1.996717007511476	-1.9960604164108608	-1.9934340395360521	-1.9998549630738083	-0.9967170240901223	-2	-2
28.800000000000004	-1.9968457354882652	-1.9962148855090398	-1.9936915083672933	-1.9998643165098489	-0.996845755100168	-2	-2
29.	-1.9969694159688798	-1.9963633126416214	-1.9939388630957782	-1.9998730681993298	-0.9969694288080386	-2	-2
29.200000000000003	-1.9970882468684708	-1.9965059194683379	-1.994176504645796	-1.9998812542609359	-0.9970882489409237	-2	-2
29.4	-1.9972024183418409	-1.9966429253427067	-1.9944048339416054	-1.999888910818323	-0.9972024185730546	-2	-2
29.6	-1.9973121130876954	-1.9967745496182459	-1.994624234950308	-1.999896073995148	-0.9973121218788479	-2	-2
29.800000000000004	-1.997417506641045	-1.9969010116484727	-1.9948350382592965	-1.9999027774679017	-0.9974175224786485	-2	-2
30.	-1.9975187676540487	-1.9970225274095676	-1.9950375646610718	-1.9999090485392812	-0.9975187830422392	-2	-2