-5.	0.	0.	0.	0.	0.	0.	0.
-4.95	0.	0.	0.	0.	0.	0.	0.
-4.9	0.	0.	0.	0.	0.	0.	0.
-4.85	0.	0.	0.	0.	0.	0.	0.
-4.8	0.	0.	0.	0.	0.	0.	0.
-4.75	0.	0.	0.	0.	0.	0.	0.
-4.7	0.	0.	0.	0.	0.	0.	0.
-4.65	0.	0.	0.	0.	0.	0.	0.
-4.6	0.	0.	0.	0.	0.	0.	0.
-4.55	0.	0.	0.	0.	0.	0.	0.
-4.5	0.	0.	0.	0.	0.	0.	0.
-4.45	0.	0.	0.	0.	0.	0.	0.
-4.4	0.	0.	0.	0.	0.	0.	0.
-4.35	0.	0.	0.	0.	0.	0.	0.
-4.3	0.	0.	0.	0.	0.	0.	0.
-4.25	0.	0.	0.	0.	0.	0.	0.
-4.2	0.	0.	0.	0.	0.	0.	0.
-4.15	0.	0.	0.	0.	0.	0.	0.
-4.1	0.	0.	0.	0.	0.	0.	0.
-4.05	0.	0.	0.	0.	0.	0.	0.
-4.	0.	0.	0.	0.	0.	0.	0.
-3.95	0.	0.	0.	0.	0.	0.	0.
-3.9	0.	0.	0.	0.	0.	0.	0.
-3.8499999999999996	0.	0.	0.	0.	0.	0.	0.
-3.8	0.	0.	0.	0.	0.	0.	0.
-3.75	0.	0.	0.	0.	0.	0.	0.
-3.7	0.	0.	0.	0.	0.	0.	0.
-3.65	0.	0.	0.	0.	0.	0.	0.
-3.5999999999999996	0.	0.	0.	0.	0.	0.	0.
-3.55	0.	0.	0.	0.	0.	0.	0.
-3.5	0.	0.	0.	0.	0.	0.	0.
-3.45	0.	0.	0.	0.	0.	0.	0.
-3.4	0.	0.	0.	0.	0.	0.	0.
-3.3499999999999996	0.	0.	0.	0.	0.	0.	0.
-3.3	0.	0.	0.	0.	0.	0.	0.
-3.25	0.	0.	0.	0.	0.	0.	0.
-3.2	0.	0.	0.	0.	0.	0.	0.
-3.15	0.	0.	0.	0.	0.	0.	0.
-3.0999999999999996	0.	0.	0.	0.	0.	0.	0.
-3.05	0.	0.	0.	0.	0.	0.	0.
-3.	0.	0.	0.	0.	0.	0.	0.
-2.9499999999999997	0.	0.	0.	0.	0.	0.	0.
-2.9	0.	0.	0.	0.	0.	0.	0.
-2.85	0.	0.	0.	0.	0.	0.	0.
-2.8	0.	0.	0.	0.	0.	0.	0.
-2.75	0.	0.	0.	0.	0.	0.	0.
-2.6999999999999997	0.	0.	0.	0.	0.	0.	0.
-2.65	0.	0.	0.	0.	0.	0.	0.
-2.5999999999999996	0.	0.	0.	0.	0.	0.	0.
-2.55	0.	0.	0.	0.	0.	0.	0.
-2.5	0.	0.	0.	0.	0.	0.	0.
-2.4499999999999997	0.	0.	0.	0.	0.	0.	0.
-2.4	0.	0.	0.	0.	0.	0.	0.
-2.3499999999999996	0.	0.	0.	0.	0.	0.	0.
-2.3	0.	0.	0.	0.	0.	0.	0.
-2.25	0.	0.	0.	0.	0.	0.	0.
-2.1999999999999997	0.	0.	0.	0.	0.	0.	0.
-2.15	0.	0.	0.	0.	0.	0.	0.
-2.0999999999999996	0.	0.	0.	0.	0.	0.	0.
-2.05	0.	0.	0.	0.	0.	0.	0.
-2.	0.	0.	0.	0.	0.	0.	0.
-1.9499999999999997	0.	0.	0.	0.	0.	0.	0.
-1.9	0.	0.	0.	0.	0.	0.	0.
-1.8499999999999996	0.	0.	0.	0.	0.	0.	0.
-1.7999999999999998	0.	0.	0.	0.	0.	0.	0.
-1.75	0.	0.	0.	0.	0.	0.	0.
-1.6999999999999997	0.	0.	0.	0.	0.	0.	0.
-1.65	0.	0.	0.	0.	0.	0.	0.
-1.5999999999999996	0.	0.	0.	0.	0.	0.	0.
-1.5499999999999998	0.	0.	0.	0.	0.	0.	0.
-1.5	0.	0.	0.	0.	0.	0.	0.
-1.4499999999999997	0.	0.	0.	0.	0.	0.	0.
-1.4	0.	0.	0.	0.	0.	0.	0.
-1.3499999999999996	0.	0.	0.	0.	0.	0.	0.
-1.2999999999999998	0.	0.	0.	0.	0.	0.	0.
-1.25	0.	0.	0.	0.	0.	0.	0.
-1.1999999999999997	0.	0.	0.	0.	0.	0.	0.
-1.15	0.	0.	0.	0.	0.	0.	0.
-1.0999999999999996	0.	0.	0.	0.	0.	0.	0.
-1.0499999999999998	0.	0.	0.	0.	0.	0.	0.
-1.	0.	0.	0.	0.	0.	0.	0.
-0.9500000000000002	0.	0.	0.	0.	0.	0.	0.
-0.8999999999999995	0.	0.	0.	0.	0.	0.	0.
-0.8499999999999996	0.	0.	0.	0.	0.	0.	0.
-0.7999999999999998	0.	0.	0.	0.	0.	0.	0.
-0.75	0.	0.	0.	0.	0.	0.	0.
-0.7000000000000002	0.	0.	0.	0.	0.	0.	0.
-0.6499999999999995	0.	0.	0.	0.	0.	0.	0.
-0.5999999999999996	0.	0.	0.	0.	0.	0.	0.
-0.5499999999999998	0.	0.	0.	0.	0.	0.	0.
-0.5	0.	0.	0.	0.	0.	0.	0.
-0.4500000000000002	0.009550964871122693	0.	0.	0.	0.	0.	0.
-0.39999999999999947	0.018523083386419923	0.	0.	0.	0.	0.	0.
-0.34999999999999964	0.02633750919006575	0.	0.	0.	0.	0.	0.
-0.2999999999999998	0.03241539592623473	0.	0.	0.	0.	0.	0.
-0.25	0.03617789723910124	0.	0.	0.	0.	0.	0.
-0.1999999999999993	0.03704616677283966	0.	0.	0.	0.	0.	0.
-0.14999999999999947	0.03444135817162433	0.	0.	0.	0.	0.	0.
-0.09999999999999964	0.027784625079629685	0.	0.	0.	0.	0.	0.
-0.04999999999999982	0.016497121141030115	0.	0.	0.	0.	0.	0.
0.	0.	0.	0.	0.	0.	0.	0.
0.05000000000000071	0.03693803609550428	-0.0024249064760403505	-5.063925823637321e-6	-0.00003373399689119605	-2.3268560972497698e-8	0.17531578174440865	-0.002845182565689341
0.10000000000000053	0.06391945192572657	-0.019113206074749745	-0.00007936809436034162	-0.0005274712783456321	-3.336659326868907e-7	0.6759007033676844	-0.022419019613297484
0.15000000000000036	0.07677609078364278	-0.06354946851370305	-0.00039621712135881767	-0.0026131509982221268	-1.5961764000183482e-6	1.4647994643407243	-0.07451781131921388
0.20000000000000018	0.07133979596222761	-0.14838246182555231	-0.0012351998040296488	-0.008081605050553626	-4.891962951614854e-6	2.506491240510045	-0.1739396495327187
0.25	0.04344241075445654	-0.285444717230346	-0.0029744616225518897	-0.019306005909152765	-0.000011663507318429202	3.766868888090963	-0.3345052137827979
0.3000000000000007	-0.01108422154669697	-0.48577068706584964	-0.006083336110085083	-0.03917050315580377	-0.000023646775610796167	5.213218147660818	-0.5690785672849623
0.35000000000000053	-0.096408257648256	-0.7595938788476554	-0.011114222853493148	-0.07100149029141767	-0.00004286083995088205	6.814196848152037	-0.8895879529480452
0.40000000000000036	-0.21669785425724608	-1.1163941650952431	-0.018698920912838923	-0.1185034008591632	-0.00007155717483318931	8.539814110845494	-1.3070465893810412
0.4500000000000002	-0.37612116808069246	-1.564904180105294	-0.029534805675504927	-0.18570108161758117	-0.00011217892556431694	10.361409553363572	-1.8315734668999069
0.5	-0.5788463558256198	-2.1131128080216732	-0.044385801868372605	-0.276881346745943	-0.00016733286174489158	12.251632493663394	-2.4724141435343765
0.5500000000000007	-0.8189817167250171	-2.76828542336806	-0.06407177645408177	-0.3965432942304813	-0.0002397583319069801	14.18442115403002	-3.2379615410347955
0.6000000000000005	-1.1113649532917034	-3.536993155213949	-0.08946132092517037	-0.5493463498959341	-0.00033229482119283304	16.134981865069513	-4.135776740878873
0.6500000000000004	-1.4607739105644644	-4.425128782892936	-0.1214685964745509	-0.7400661785609033	-0.00044786977898485486	18.079768269702342	-5.172609780278589
0.7000000000000002	-1.8719864335820864	-5.4379120083270545	-0.16104633835743287	-0.973551752744151	-0.0005894509596580804	19.996460527156383	-6.354420448186936
0.75	-2.3497803673833557	-6.5799872923866785	-0.2091785289174413	-1.2546856902252939	-0.0007600192770998945	21.86394451696019	-7.68639908130478
0.8000000000000007	-2.8989335570070662	-7.855378227555439	-0.26687654892988893	-1.5883473921519986	-0.0009625731429190481	23.662291042936182	-9.172987360087655
0.8500000000000005	-3.524223847491984	-9.266946995869027	-0.3351737256460425	-1.979378767326473	-0.0012000915058176284	25.372735037193703	-10.81789910475253
0.9000000000000004	-4.230429083876903	-10.817463676310831	-0.41511900739199803	-2.4325524438637705	-0.0014755147779551712	26.977654764122416	-12.624141071284722
0.9500000000000002	-5.022327111200607	-12.509601939207013	-0.5077746670518213	-2.952546934732027	-0.0017917300208684479	28.460551024385364	-14.594033747444652
1.	-5.904695774501883	-14.34479644404492	-0.6142063730992924	-3.5438981791545925	-0.0021515479053029977	29.806026358912117	-16.72923214877466
1.0500000000000007	-6.930051226318708	-16.323627739061912	-0.7354831067320331	-4.211023671286504	-0.0025577004602275978	30.99976425289209	-19.03074661460587
1.1000000000000005	-8.052539773433132	-18.446659857574836	-0.8726718379849918	-4.9581283028755365	-0.0030128066283440502	32.02850833976757	-21.49896360406485
1.1500000000000004	-9.274046030126431	-20.714345670936012	-1.0268331560698072	-5.789271316810875	-0.0035194006174025525	32.880041605227035	-24.133666492080643
1.2000000000000002	-10.596454610679865	-23.125989517675965	-1.199011711103876	-6.708245422196277	-0.004079850209634981	33.54316559119829	-26.934056365391456
1.25	-12.02165012937469	-25.68022315258247	-1.3902469740304522	-7.7186769268794535	-0.004696377866851673	34.00767959984161	-29.89877281855148
1.3000000000000007	-13.551517200492198	-28.375670204086084	-1.6015483838008149	-8.823880729330911	-0.005371161828367371	34.26435989754298	-33.025914749937805
1.3500000000000005	-15.18794043831359	-31.21083079373724	-1.8339094910695946	-10.026987886960459	-0.006106100081787309	34.30493891890731	-36.31306115775695
1.4000000000000004	-16.932804457120156	-34.18316967257191	-2.0883020090234434	-11.330784685934262	-0.006902974258821215	34.122084470751496	-39.75729193605205
1.4500000000000002	-18.78799387119315	-37.28964055073159	-2.365653594867305	-12.73785668169703	-0.00776349030246749	33.70937893609775	-43.35520867070947
1.5	-20.755393294813835	-40.52719388705945	-2.6668811797212486	-14.250423839633168	-0.008689019521009894	33.06129847816663	-47.10295543546568
1.5500000000000007	-22.891683490174128	-43.892648190324806	-2.992847597432632	-15.87048758834828	-0.009680840303855263	32.17319224437043	-50.99623958791398
1.6000000000000005	-25.14063194498334	-47.38192076374986	-3.344385023464084	-17.599675052114577	-0.010740120778433528	31.041261570306204	-55.03035256551131
1.6500000000000004	-27.500802294861526	-50.99055847163104	-3.722295748869131	-19.439376001105767	-0.011867674135093514	29.662539183748876	-59.2001906815853
1.7000000000000002	-29.97075817542869	-54.71410737448008	-4.127314135350719	-21.390607988130768	-0.013064241698442837	28.034868408644783	-63.50027592134079
1.75	-32.54906322230484	-58.54797874948488	-4.560159270393192	-23.454131969984832	-0.014330414024106388	26.156882369104437	-67.92477673786678
1.8000000000000007	-35.23428107111003	-62.486835564388144	-5.021481114563413	-25.630357126145075	-0.01566643120785117	24.02798319339594	-72.46752884814336
1.8500000000000005	-38.024975357464186	-66.52508963349112	-5.511885102865117	-27.919446530969353	-0.017072481152029886	21.64832121793819	-77.12205602904818
1.9000000000000004	-40.91970971698736	-70.65715289110157	-6.031978164503303	-30.32104481916355	-0.018548558723481535	19.018774191293915	-81.88159091336361
1.9500000000000002	-43.91704778529956	-74.87730718017701	-6.582217504105668	-32.83473129825442	-0.020094332430306033	16.140926478162996	-86.73909578578343
2.	-47.0155531980208	-79.17925476400073	-7.163008830915044	-35.459769429457914	-0.021709432814900956	13.017048263375557	-91.68728337891967
2.0500000000000007	-50.25778308863104	-83.55654494289197	-7.774757854174271	-38.19484907304585	-0.023393260683672326	9.650074755885171	-96.7186376693094
2.1000000000000005	-53.5956413222927	-88.00272725663253	-8.41786990195076	-41.038598692252606	-0.02514493045979942	6.043585392762282	-101.82543467342138
2.1500000000000004	-57.025025262028294	-92.5112354987255	-9.092669431743268	-43.98940619147854	-0.026963534289632846	2.2017830431867935	-106.9997632436632
2.2	-60.541832270860255	-97.0751049284793	-9.799301853867075	-47.045078448583205	-0.028847919504039858	-1.8705267875578926	-112.23354586438786
2.25	-64.14195971181101	-101.68729575589754	-10.537888656641172	-50.20333644056558	-0.03079661577461737	-6.167956754092643	-117.51855944790074
2.3000000000000007	-67.82130494790309	-106.34076827530757	-11.308551328384574	-53.46172976690031	-0.03280813385329104	-10.684558466948616	-122.8464561304663
2.3500000000000005	-71.57576534215879	-111.02828807172882	-12.111409951758269	-56.817250642287604	-0.034880924507588056	-15.413843288574384	-128.20878406831483
2.4000000000000004	-75.40123825760062	-115.74244130279632	-12.946480882613702	-60.266778494321365	-0.0370130497440225	-20.348803129342983	-133.5970082336495
2.45	-79.29362105725102	-120.47591614085746	-13.81360743914202	-63.80707851557248	-0.03920241775763311	-25.481931243558094	-139.00253121065276
2.5	-83.24881110413241	-125.22140075825962	-14.712616523541882	-67.4344118648155	-0.0414469362006999	-30.805243025461778	-144.41671399149394
2.5500000000000007	-87.28757598057902	-129.97158332735026	-15.643335038011966	-71.14490148189553	-0.0437443823427016	-36.3102968052404	-149.8308967723351
2.6000000000000005	-91.37943554428254	-134.71915202047663	-16.605586654585185	-74.93459902084709	-0.04609219360309467	-41.98821464503196	-155.23641974933847
2.6500000000000004	-95.51877987224663	-139.45679500998617	-17.59907436590335	-78.799129147346	-0.04848775364899346	-47.8297031349327	-160.62464391467316
2.7	-99.6999990414748	-144.1772004682263	-18.62334754311096	-82.73395957457362	-0.05092843967996188	-53.82507418900393	-165.98697185252163
2.75	-103.91748312897063	-148.87305656754435	-19.677945633885315	-86.73451669279348	-0.053411434524904024	-59.96426584127914	-171.31486853508724
2.8000000000000007	-108.16562221173773	-153.53705148028786	-20.762408085903722	-90.79589052617618	-0.055933702897307536	-66.23686304177025	-176.59988211860016
2.8500000000000005	-112.4388063667795	-158.16187337880402	-21.87626854633549	-94.91300889223277	-0.05849219850743369	-72.63211845247487	-181.83366473932483
2.9000000000000004	-116.73142567109957	-162.7402104354403	-23.01893232501827	-99.08077718348538	-0.061083850774809476	-79.13897324338284	-187.0079933095665
2.95	-121.0378702017015	-167.2647167723456	-24.18968043564559	-103.29385875724522	-0.06370538685195462	-85.74607788848392	-192.11479031367855
3.	-125.35253003558881	-171.7269649779277	-25.387788909777807	-107.54676841826846	-0.06635343840991097	-92.441812961773	-197.14614460406827
3.0500000000000007	-129.67085921897888	-176.12049765461742	-26.612533778975294	-111.83400919078301	-0.06902463692086247	-99.21430993325819	-202.09433219720452
3.0999999999999996	-133.98611937667866	-180.43991893511534	-27.86318230523865	-116.14993145127322	-0.07171556697012926	-106.05147196496677	-206.95183706962422
3.1500000000000004	-138.29263610270934	-184.67983295212258	-29.138878069355503	-120.48877300685467	-0.07442267649762231	-112.94099470695326	-211.7113719539397
3.200000000000001	-142.58473499109166	-188.83484383833982	-30.438675769635076	-124.84476583001158	-0.07714239399494133	-119.87038709330517	-216.36589913484454
3.25	-146.8567416358464	-192.89955572646778	-31.761628388668477	-129.2120668078602	-0.07987114648715869	-126.82699213815008	-220.9086512451212
3.3000000000000007	-151.1029816309947	-196.86857274920754	-33.10678890904696	-133.58477960924762	-0.08260531417875215	-133.79800773166164	-225.33315206164718
3.3499999999999996	-155.31778057055723	-200.73649903925963	-34.47319889338647	-137.95700746217668	-0.08534124710533582	-140.7705074360683	-229.63323730140254
3.4000000000000004	-159.49546404855516	-204.4979387293252	-35.85979559743676	-142.32283955447676	-0.08807529958054654	-147.73146128165928	-233.80307541747675
3.450000000000001	-163.63035765900923	-208.14749595210495	-37.26546504547246	-146.67639296597952	-0.09080381927364208	-154.66775656278992	-237.8371883950741
3.5	-167.71678699594023	-211.6797748402995	-38.68909330913138	-151.0117937918178	-0.0935231607508388	-161.56621863388997	-241.7304725475221
3.5500000000000007	-171.7234341932936	-215.08937952661003	-40.12956646005146	-155.32319641571195	-0.0962297500189078	-168.4136317054716	-245.47821931227867
3.5999999999999996	-175.67182245426116	-218.37080266293214	-41.58575797657822	-159.6048815342196	-0.098920019676177	-175.19675964013234	-249.07613604693591
3.6500000000000004	-179.55783152195963	-221.5186337973202	-43.05647266684489	-163.85115724604645	-0.10159040193349027	-181.90236674856664	-252.52036682523087
3.700000000000001	-183.37734113950523	-224.53155628525107	-44.54050039566962	-168.05636893072858	-0.10423735761623643	-188.51723858556974	-255.80751323305043
3.75	-187.12623105001424	-227.40907003706334	-46.036631695254925	-172.21512579178813	-0.10685754528480236	-195.0282027460433	-258.9346551644364
3.8000000000000007	-190.80038099660334	-230.15067496309595	-47.5436570978035	-176.32211891825563	-0.10944767916808594	-201.42214966100698	-261.8993716175965
3.8499999999999996	-194.39567072238864	-232.7558709736874	-49.06035651079036	-180.37204490358914	-0.11200447349498469	-207.68605339359988	-264.69976149090735
3.9000000000000004	-197.90797997048685	-235.2241579791766	-50.5854935263827	-184.35986138619418	-0.11452465430296524	-213.80699243509065	-267.3344643789229
3.950000000000001	-201.33318848401416	-237.55503588990217	-52.11784863071832	-188.28086714246245	-0.11700520812962233	-219.77217050088436	-269.80268136838214
4.	-204.6671760060869	-239.74800461620276	-53.656202902262855	-192.13038248971492	-0.11944334253622695	-225.5689373265261	-272.1041958342129
4.050000000000001	-207.8515551355506	-241.80256406841724	-55.19933741948209	-195.90380827025825	-0.12183627081744122	-231.18480946371315	-274.23939423554316
4.1	-210.93976167762713	-243.71821415688416	-56.74596176050136	-199.5971010055795	-0.12418120606123362	-236.6074910762958	-276.20928691170315
4.15	-213.93096429326775	-245.49445479194236	-58.29484926597182	-203.2064439370374	-0.1264755448815828	-241.8248947362901	-278.0155288782358
4.200000000000001	-216.82433164342333	-247.13078588393054	-59.84495318989893	-206.72802328740002	-0.12871715416289078	-246.8251622198759	-279.6604406228999
4.25	-219.61903238904478	-248.62729760508645	-61.39522842589166	-210.15837403235832	-0.13090397084073374	-251.59668530341798	-281.147028901683
4.300000000000001	-222.3142351910833	-249.98934763683673	-62.94462986755915	-213.4947069727744	-0.1330339318506882	-256.12812655945805	-282.47900753480104
4.35	-224.90910871048973	-251.22284466872313	-64.49211240851032	-216.7343087708953	-0.1351050362899385	-260.4084401527285	-283.6608182027094
4.4	-227.40282160821525	-252.33334425431082	-66.03663094235434	-219.8745326749325	-0.1371158662620062	-264.4268926361606	-284.697651242109
4.450000000000001	-229.7945425452108	-253.32640194716487	-67.57714036270013	-222.91350876961548	-0.13906531084553964	-268.1730837468883	-285.5954664419531
4.5	-232.08344018242727	-254.2075733008503	-69.11259556315673	-225.84986301634362	-0.14095226142960315	-271.63696720225596	-286.36101383945373
4.550000000000001	-234.1968500156928	-254.98241386893227	-70.64200386369102	-228.68222910839705	-0.14277561481738166	-274.8088714958237	-287.00185451608775
4.600000000000001	-236.21012739624035	-255.65647920497582	-72.16469013394358	-231.40957909468742	-0.14453469376397227	-277.6795206933803	-287.52638139360647
4.65	-238.12679451017982	-256.2355744779866	-73.6800208860143	-234.03193899746822	-0.14622951792532396	-280.2400552289395	-287.94384003003967
4.700000000000001	-239.95037354362134	-256.72886734949566	-75.18735425779313	-236.54953728605895	-0.14786016966653268	-282.4820527007574	-288.26434941570295
4.75	-241.68438668267476	-257.14776606724996	-76.6860483871698	-238.96266854784062	-0.14942673135269421	-284.3975486673311	-288.4989227692051
4.800000000000001	-243.33235611345017	-257.5037128533058	-78.17548682187477	-241.27254436669045	-0.15092957569430226	-285.97905744341307	-288.6594883334555
4.850000000000001	-244.89780402205753	-257.80814992971926	-79.65532078170806	-243.48100375042608	-0.1523698363961904	-287.2195928960085	-288.7589101716686
4.9	-246.38425259460672	-258.0725195185467	-81.1253498946521	-245.5900031458845	-0.1537486985644924	-288.11268924039314	-288.81100896337387
4.950000000000001	-247.7952240172079	-258.30826384184417	-82.58537497999998	-247.60246023026286	-0.1550677386052264	-288.6524218361116	-288.8305828004223
5.	-249.13424047597087	-258.5268251216674	-84.0351968570405	-249.52178982582157	-0.15632897532977774	-288.83342798298787	-288.83342798298787
5.050000000000001	-250.40567830266565	-258.7398567080782	-85.47476737821283	-251.35173468502438	-0.15753461784582123	-288.83342798298787	-288.83342798298787
5.100000000000001	-251.6121537713386	-258.951390849719	-86.9042188484284	-253.09649490277488	-0.15868712805935603	-288.83342798298787	-288.83342798298787
5.15	-252.7571373016961	-259.1614380728299	-88.32362240023096	-254.7600382573288	-0.15978884754998354	-288.83342798298787	-288.83342798298787
5.200000000000001	-253.8440993134446	-259.3700088289835	-89.73304866005313	-256.3461441785112	-0.16084201825660252	-288.83342798298787	-288.83342798298787
5.25	-254.8765102262903	-259.5771134967324	-91.13256776197768	-257.85841650130595	-0.1618488033974504	-288.83342798298787	-288.83342798298787
5.300000000000001	-255.85784045993964	-259.7827623827738	-92.52224934579452	-259.3002926171676	-0.16281119142488087	-288.83342798298787	-288.83342798298787
5.350000000000001	-256.791560434099	-259.9869660377417	-93.90216392650487	-260.6750507314816	-0.16373113531424827	-288.83342798298787	-288.83342798298787
5.4	-257.68114056847463	-260.1897346432246	-95.2723811776058	-261.98581479060215	-0.16461057332691845	-288.83342798298787	-288.83342798298787
5.450000000000001	-258.530051282773	-260.3910780150492	-96.6329674867795	-263.23556906493326	-0.16545127211626676	-288.83342798298787	-288.83342798298787
5.5	-259.3417629967004	-260.5910059690419	-97.98398920078864	-264.42715341364516	-0.1662548884697318	-288.83342798298787	-288.83342798298787
5.550000000000001	-260.153857762771	-260.7895283210293	-99.32551266639601	-265.5632407446779	-0.1670230774648608	-288.83342798298787	-288.83342798298787
5.600000000000001	-260.933626996198	-260.9866548868379	-100.65760423036431	-266.64646863154275	-0.16775745263566413	-288.83342798298787	-288.83342798298787
5.65	-261.6824737450024	-261.1823954822942	-101.98033023945622	-267.6792709718245	-0.168459458896501	-288.83342798298787	-288.83342798298787
5.700000000000001	-262.40180105720543	-261.3767599232248	-103.29375704043457	-268.6639756932394	-0.16913049884841166	-288.83342798298787	-288.83342798298787
5.75	-263.0930119808279	-261.5697580254562	-104.59795098006197	-269.60286946005823	-0.16977197386964282	-288.83342798298787	-288.83342798298787
5.800000000000001	-263.757509563891	-261.7613996048149	-105.89297840510127	-270.4980460793303	-0.17038520693317818	-288.83342798298787	-288.83342798298787
5.850000000000001	-264.3966968544157	-261.95169447627114	-107.17890558482736	-271.35154190072586	-0.1709713978906436	-288.83342798298787	-288.83342798298787
5.9	-265.01197690042306	-262.1406522476056	-108.45579663197256	-272.1653302962785	-0.171531735932131	-288.83342798298787	-288.83342798298787
5.950000000000001	-265.60475274993416	-262.32828207017434	-109.7237133165271	-272.9412201752266	-0.17206740147987803	-288.83342798298787	-288.83342798298787
6.	-266.1764274509699	-262.51459303631236	-110.98271729517238	-273.68099248310756	-0.17257947105764188	-288.83342798298787	-288.83342798298787
6.050000000000001	-266.7399783767121	-262.6995942383549	-112.23287022458997	-274.3863434726788	-0.17306895376035702	-288.83342798298787	-288.83342798298787
6.100000000000001	-267.2845327757689	-262.88329476863703	-113.47423376146133	-275.0588431875213	-0.1735368575820444	-288.83342798298787	-288.83342798298787
6.15	-267.8107922219092	-263.06570371949374	-114.7068695624679	-275.7000460766107	-0.17398416525035834	-288.83342798298787	-288.83342798298787
6.200000000000001	-268.31945828890196	-263.2468301832603	-115.93083928429124	-276.31140733148806	-0.17441175693786515	-288.83342798298787	-288.83342798298787
6.25	-268.8112325505159	-263.4266832522717	-117.14620458361276	-276.89429495802136	-0.1748204870938376	-288.83342798298787	-288.83342798298787
6.300000000000001	-269.28681658052005	-263.60527201886305	-118.35302711711401	-277.4500620032962	-0.17521120941449306	-288.83342798298787	-288.83342798298787
6.350000000000001	-269.7469119526832	-263.7826055753695	-119.55136854147648	-277.97995702628583	-0.17558472965325655	-288.83342798298787	-288.83342798298787
6.4	-270.1922202407743	-263.9586930110945	-120.74128969845484	-278.48517502769187	-0.17594177856962082	-288.83342798298787	-288.83342798298787
6.450000000000001	-270.6234430185621	-264.1335431723616	-121.92284848755726	-278.9668955484733	-0.1762830804730295	-288.83342798298787	-288.83342798298787
6.5	-271.0412818598156	-264.30716451084413	-123.09610217895701	-279.42618880210495	-0.17660935779709883	-288.83342798298787	-288.83342798298787
6.550000000000001	-271.45135586438977	-264.4795654445447	-124.2611080430072	-279.8640806995763	-0.17692127274991132	-288.83342798298787	-288.83342798298787
6.600000000000001	-271.8491510480833	-264.65075439146574	-125.41792335006083	-280.281595764322	-0.17721942697466952	-288.83342798298787	-288.83342798298787
6.65	-272.2350709527811	-264.82073976960993	-126.56660537047088	-280.6796946688916	-0.1775044198807526	-288.83342798298787	-288.83342798298787
6.700000000000001	-272.6095191203681	-264.9895299969799	-127.70721137459049	-281.0592483818969	-0.17777685087753972	-288.83342798298787	-288.83342798298787
6.75	-272.97289909272905	-265.1571334915781	-128.83979863277258	-281.42112123494695	-0.1780373031426966	-288.83342798298787	-288.83342798298787
6.800000000000001	-273.325614411749	-265.32355867140717	-129.96442441537027	-281.76616703642117	-0.17828628310126476	-288.83342798298787	-288.83342798298787
6.850000000000001	-273.66806861931263	-265.4888139544697	-131.08114599273657	-282.0951547934565	-0.17852427504612353	-288.83342798298787	-288.83342798298787
6.9	-274.00066525730495	-265.6529077587682	-132.1900205054411	-282.4088129263984	-0.1787517632833011	-288.83342798298787	-288.83342798298787
6.950000000000001	-274.32380786761075	-265.8158484963601	-133.29110293242937	-282.7078695229881	-0.17896923198873674	-288.83342798298787	-288.83342798298787
7.	-274.63789999211497	-265.9776443212532	-134.3844465165421	-282.9930217279148	-0.17917713814419783	-288.83342798298787	-288.83342798298787
7.050000000000001	-274.9458696363987	-266.138303048941	-135.47010445605036	-283.2648934969323	-0.17937588035145652	-288.83342798298787	-288.83342798298787
7.100000000000001	-275.24544288085076	-266.29783247338696	-136.54812994922503	-283.5240983236537	-0.17956584985952959	-288.83342798298787	-288.83342798298787
7.15	-275.5368702695563	-266.45624038855465	-137.61857619433698	-283.7712465126901	-0.1797474379174337	-288.83342798298787	-288.83342798298787
7.200000000000001	-275.8204023466004	-266.61353458840756	-138.68149638965727	-284.0068970954735	-0.17992103442341137	-288.83342798298787	-288.83342798298787
7.25	-276.09628965606817	-266.7697228669091	-139.73694373345677	-284.2315680752079	-0.180086994063828	-288.83342798298787	-288.83342798298787
7.300000000000001	-276.36478274204467	-266.92481301802286	-140.78497142400647	-284.4457763341595	-0.18024563457439388	-288.83342798298787	-288.83342798298787
7.350000000000001	-276.626132148615	-267.0788128357123	-141.82563265957728	-284.6500256423513	-0.1803972720125799	-288.83342798298787	-288.83342798298787
7.4	-276.88058841986435	-267.23173011394096	-142.8589806377336	-284.84476539596244	-0.18054222243585702	-288.83342798298787	-288.83342798298787
7.450000000000001	-277.12840209987775	-267.38357264667223	-143.88506765661865	-285.0304310605416	-0.18068079772805218	-288.83342798298787	-288.83342798298787
7.5	-277.36982373274026	-267.5343482177154	-144.90394354076403	-285.207457418262	-0.18081327256358098	-288.83342798298787	-288.83342798298787
7.550000000000001	-277.6065289412304	-267.68406434014497	-145.91565770836522	-285.3762510503421	-0.180939902442528	-288.83342798298787	-288.83342798298787
7.600000000000001	-277.8372568223343	-267.8327282430233	-146.92025957761757	-285.5371813483075	-0.18106094273104695	-288.83342798298787	-288.83342798298787
7.65	-278.0621715517313	-267.98034714291504	-147.91779856671647	-285.69061519720464	-0.18117664879529163	-288.83342798298787	-288.83342798298787
7.700000000000001	-278.2814373051009	-268.1269282563846	-148.90832409385737	-285.836915904941	-0.18128726751134264	-288.83342798298787	-288.83342798298787
7.75	-278.49521825812246	-268.2724787999965	-149.8918855772356	-285.97640982622266	-0.18139301289883678	-288.83342798298787	-288.83342798298787
7.800000000000001	-278.7036785864756	-268.41700599031543	-150.86853243504663	-286.1094019874394	-0.18149409124496313	-288.83342798298787	-288.83342798298787
7.850000000000001	-278.9069824658395	-268.5605170439058	-151.83831408548582	-286.2361971783341	-0.1815907088386493	-288.83342798298787	-288.83342798298787
7.9	-279.1052940718938	-268.7030191773322	-152.80127994674856	-286.3570980102998	-0.18168307183671348	-288.83342798298787	-288.83342798298787
7.950000000000001	-279.29877758031785	-268.8445196071591	-153.7574792567002	-286.4723766184642	-0.18177137310576535	-288.83342798298787	-288.83342798298787
8.	-279.48759716679115	-268.9850255499511	-154.70695920489402	-286.5822831411367	-0.18185578171042655	-288.83342798298787	-288.83342798298787
8.05	-279.67277513218227	-269.12454420647464	-155.64976571389573	-286.6870672654636	-0.18193646430998833	-288.83342798298787	-288.83342798298787
8.100000000000001	-279.85356551939424	-269.26308249778293	-156.58594469005862	-286.78697809623264	-0.18201358756374195	-288.83342798298787	-288.83342798298787
8.15	-280.0300804965193	-269.40064711216434	-157.51554203973586	-286.8822449320934	-0.1820873177587142	-288.83342798298787	-288.83342798298787
8.200000000000001	-280.2024322316497	-269.5372447314992	-158.43860366928078	-286.9730734936887	-0.1821578064440648	-288.83342798298787	-288.83342798298787
8.25	-280.37073289287764	-269.67288203766776	-159.3551754850466	-287.0596681890121	-0.18222518686044054	-288.83342798298787	-288.83342798298787
8.3	-280.53509464829534	-269.8075657125503	-160.2653033933866	-287.14223335785414	-0.18228959116183485	-288.83342798298787	-288.83342798298787
8.350000000000001	-280.69562966599494	-269.9413024380271	-161.16903330065404	-287.22096201256943	-0.18235115150224115	-288.83342798298787	-288.83342798298787
8.4	-280.8524501140688	-270.07409889597835	-162.06641111320212	-287.29602417378896	-0.18241000003565286	-288.83342798298787	-288.83342798298787
8.450000000000001	-281.005668160609	-270.20596176828445	-162.95748276170667	-287.3675871659737	-0.18246626391767656	-288.83342798298787	-288.83342798298787
8.5	-281.15539597370787	-270.33689773682556	-163.84229441532887	-287.43581831358443	-0.18252005071951632	-288.83342798298787	-288.83342798298787
8.55	-281.30228901766	-270.466913483482	-164.72088923330784	-287.50087933211864	-0.1825714634018549	-288.83342798298787	-288.83342798298787
8.600000000000001	-281.44588323731256	-270.5960158292617	-165.59330932298542	-287.5629116630432	-0.18262060492755233	-288.83342798298787	-288.83342798298787
8.65	-281.5862578737153	-270.72421177018464	-166.45959679170335	-287.62205230740125	-0.1826675782594687	-288.83342798298787	-288.83342798298787
8.700000000000001	-281.7234921679178	-270.85150738989825	-167.31979374680347	-287.6784382665576	-0.1827124859927844	-288.83342798298787	-288.83342798298787
8.75	-281.85766536096975	-270.9779086828094	-168.17394229562757	-287.73220410626544	-0.18275542023654312	-288.83342798298787	-288.83342798298787
8.8	-281.98885669392075	-271.1034216433251	-169.02208454551746	-287.78346833857023	-0.18279646170199032	-288.83342798298787	-288.83342798298787
8.850000000000001	-282.1171454078205	-271.2280522658521	-169.8642626038149	-287.8323431165942	-0.18283569056413612	-288.83342798298787	-288.83342798298787
8.9	-282.2426107437186	-271.3518065447974	-170.70051857786171	-287.87894058500723	-0.18287318699799063	-288.83342798298787	-288.83342798298787
8.950000000000001	-282.3653319426648	-271.47469047456786	-171.53089457499973	-287.9233719994059	-0.18290903117856394	-288.83342798298787	-288.83342798298787
9.	-282.48538824570863	-271.59671004957033	-172.3554327025707	-287.96573715041427	-0.18294330101386877	-288.83342798298787	-288.83342798298787
9.05	-282.60321723824273	-271.7178712642118	-173.17417506791648	-288.00612800681483	-0.18297606262204233	-288.83342798298787	-288.83342798298787
9.100000000000001	-282.7185180991348	-271.8381801128991	-173.98716377837883	-288.04463639883255	-0.18300737842747072	-288.83342798298787	-288.83342798298787
9.15	-282.8313483515956	-271.9576425900392	-174.79444093962167	-288.0813539142891	-0.18303731085825814	-288.83342798298787	-288.83342798298787
9.200000000000001	-282.9417655188357	-272.0762646900389	-175.59604760374202	-288.1163646800455	-0.1830659223425087	-288.83342798298787	-288.83342798298787
9.25	-283.0498271240659	-272.1940524073051	-176.39202224431668	-288.1497443217547	-0.18309327519922558	-288.83342798298787	-288.83342798298787
9.3	-283.1555906904969	-272.3110117362447	-177.18240297482492	-288.1815680214018	-0.1831194262707207	-288.83342798298787	-288.83342798298787
9.350000000000001	-283.25911374133926	-272.4271486712647	-177.967227908746	-288.21191094919965	-0.18314442473748832	-288.83342798298787	-288.83342798298787
9.4	-283.36045379980374	-272.5424692067719	-178.7465351595591	-288.240844451211	-0.18316831923712792	-288.83342798298787	-288.83342798298787
9.450000000000001	-283.459668389101	-272.6569793371732	-179.5203628407435	-288.26843066953774	-0.183191158407239	-288.83342798298787	-288.83342798298787
9.5	-283.55681503244176	-272.77068505687555	-180.2887490657784	-288.2947303953752	-0.18321299088542106	-288.83342798298787	-288.83342798298787
9.55	-283.6521958107534	-272.8835923602857	-181.05173194814313	-288.3198044199187	-0.18323386430983057	-288.83342798298787	-288.83342798298787
9.600000000000001	-283.74560886785014	-272.99570719904136	-181.80934960131682	-288.34371323626874	-0.18325381939199945	-288.83342798298787	-288.83342798298787
9.65	-283.8370969052628	-273.1070350339249	-182.56164013877876	-288.366511163541	-0.18327289400196653	-288.83342798298787	-288.83342798298787
9.700000000000001	-283.9267026245222	-273.21758106167147	-183.3086416740082	-288.38824688795387	-0.18329112600657652	-288.83342798298787	-288.83342798298787
9.75	-284.0144687271593	-273.3273504820211	-184.05039232048432	-288.408968907649	-0.18330855327267412	-288.83342798298787	-288.83342798298787
9.8	-284.1004379147049	-273.43634849471357	-184.78693019168645	-288.4287257207683	-0.18332521364132265	-288.83342798298787	-288.83342798298787
9.850000000000001	-284.18465288869	-273.544580299489	-185.51829340109308	-288.44756502732855	-0.183341142160282	-288.83342798298787	-288.83342798298787
9.9	-284.26715635064534	-273.6520510960872	-186.24451932452055	-288.46552833057996	-0.18335636883081655	-288.83342798298787	-288.83342798298787
9.950000000000001	-284.3479910021019	-273.7587660842481	-186.96564293889196	-288.4826543141004	-0.18337092314624673	-288.83342798298787	-288.83342798298787
10.	-284.4271995445905	-273.86473046371185	-187.68169875747571	-288.49898165232725	-0.18338483459989302	-288.83342798298787	-288.83342798298787
10.05	-284.5049964402295	-273.96994943421817	-188.3927212935404	-288.5145490196979	-0.1833981326850759	-288.83342798298787	-288.83342798298787
10.100000000000001	-284.58124222022974	-274.07442819550715	-189.09874506035447	-288.5293936010072	-0.18341084647686942	-288.83342798298787	-288.83342798298787
10.15	-284.65596917638953	-274.1781719473186	-189.79980457118643	-288.54354736198286	-0.18342300108741166	-288.83342798298787	-288.83342798298787
10.200000000000001	-284.7292096005072	-274.28118588939265	-190.4959343393048	-288.557041161132	-0.18343461950488194	-288.83342798298787	-288.83342798298787
10.25	-284.80099578438103	-274.38347522146904	-191.18716887797802	-288.569905856984	-0.18344572470187537	-288.83342798298787	-288.83342798298787
10.3	-284.87136001980934	-274.48504514328783	-191.8735427004747	-288.58217227937047	-0.1834563396509871	-288.83342798298787	-288.83342798298787
10.350000000000001	-284.9403345985904	-274.585900854589	-192.55509032006324	-288.5938690390989	-0.18346648732102588	-288.83342798298787	-288.83342798298787
10.4	-285.00795181252255	-274.6860475551124	-193.23184625001218	-288.6050210887571	-0.18347618929338802	-288.83342798298787	-288.83342798298787
10.450000000000001	-285.0742439534041	-274.785490444598	-193.90384500359002	-288.61565304978365	-0.1834854639001321	-288.83342798298787	-288.83342798298787
10.5	-285.1392433130334	-274.8842347227858	-194.57112109406523	-288.6257895436169	-0.18349432902795176	-288.83342798298787	-288.83342798298787
10.55	-285.2031057809663	-274.98228558941565	-195.2337090347064	-288.635455037962	-0.18350280256354065	-288.83342798298787	-288.83342798298787
10.600000000000001	-285.2657325604704	-275.0796482190278	-195.89164279691275	-288.6446713842404	-0.18351090239359244	-288.83342798298787	-288.83342798298787
10.65	-285.3271484525706	-275.1763274017174	-196.54495415568536	-288.65345828679597	-0.18351864623861058	-288.83342798298787	-288.83342798298787
10.700000000000001	-285.38737825829224	-275.27232765497774	-197.1936743619189	-288.66183539025195	-0.18352604959887392	-288.83342798298787	-288.83342798298787
10.75	-285.44644677866034	-275.36765349347587	-197.83783466711756	-288.6698223392316	-0.18353312643460756	-288.83342798298787	-288.83342798298787
10.8	-285.5043788147	-275.4623094318787	-198.47746632278563	-288.67743839167014	-0.18353989067874277	-288.83342798298787	-288.83342798298787
10.850000000000001	-285.5611991674363	-275.5562999848532	-199.11260058042737	-288.6847002445863	-0.1835463562642109	-288.83342798298787	-288.83342798298787
10.9	-285.6169326378944	-275.6496296670662	-199.743268691547	-288.6916235760587	-0.18355253712399794	-288.83342798298787	-288.83342798298787
10.950000000000001	-285.6716040270995	-275.74230299318486	-200.36950190764878	-288.6982240627407	-0.18355844672200414	-288.83342798298787	-288.83342798298787
11.	-285.72523813607654	-275.83432447787595	-200.99133148023697	-288.7045173813179	-0.18356409631777715	-288.83342798298787	-288.83342798298787
11.05	-285.77795056216934	-275.92569863580655	-201.6087886608158	-288.7105186171354	-0.18356949655069169	-288.83342798298787	-288.83342798298787
11.100000000000001	-285.8296698072772	-276.01642998164357	-202.22190470088955	-288.7162406397624	-0.18357465806012246	-288.83342798298787	-288.83342798298787
11.150000000000002	-285.880415169618	-276.1065230300539	-202.83071085196246	-288.72169580248817	-0.1835795914854442	-288.83342798298787	-288.83342798298787
11.2	-285.9302059474098	-276.1959822957046	-203.43523836553874	-288.72689645860197	-0.1835843074660317	-288.83342798298787	-288.83342798298787
11.25	-285.97906143887036	-276.2848122932625	-204.0355184931227	-288.731854961393	-0.18358881643963954	-288.83342798298787	-288.83342798298787
11.3	-286.02700094221774	-276.3730175373947	-204.63158210256174	-288.7365833727591	-0.18359312719836643	-288.83342798298787	-288.83342798298787
11.350000000000001	-286.07404375566983	-276.460602542768	-205.22345808696505	-288.7410919724465	-0.18359724778716688	-288.83342798298787	-288.83342798298787
11.400000000000002	-286.1202091774445	-276.54757182404944	-205.81117474114598	-288.74539038508624	-0.1836011862516405	-288.83342798298787	-288.83342798298787
11.45	-286.1655165057598	-276.63392989590596	-206.39476036130952	-288.74948823522243	-0.18360495063738697	-288.83342798298787	-288.83342798298787
11.5	-286.2099850388335	-276.71968127300454	-206.97424324366085	-288.753395147399	-0.18360854899000587	-288.83342798298787	-288.83342798298787
11.55	-286.2537019632529	-276.8048304700121	-207.5496516844049	-288.757120662475	-0.1836119893174933	-288.83342798298787	-288.83342798298787
11.600000000000001	-286.29661457442	-276.88938198313724	-208.12101397974678	-288.76067314186554	-0.1836152785906257	-288.83342798298787	-288.83342798298787
11.650000000000002	-286.33873805610614	-276.9733399820947	-208.6883584258915	-288.7640600969553	-0.18361842287559846	-288.83342798298787	-288.83342798298787
11.7	-286.3800875920826	-277.0567083894619	-209.2517133190441	-288.7672890223051	-0.18362142824315247	-288.83342798298787	-288.83342798298787
11.75	-286.4206783661207	-277.13949112558566	-209.81110695540968	-288.7703674124754	-0.18362430076402853	-288.83342798298787	-288.83342798298787
11.8	-286.4605255619917	-277.221692110813	-210.36656763119328	-288.7733027482565	-0.18362704650896755	-288.83342798298787	-288.83342798298787
11.850000000000001	-286.4996443634669	-277.30331526549077	-210.9181236425999	-288.77610184664053	-0.18362967154871032	-288.83342798298787	-288.83342798298787
11.900000000000002	-286.5380499543177	-277.38436450996585	-211.46580328583465	-288.7787706074924	-0.18363218149937177	-288.83342798298787	-288.83342798298787
11.95	-286.5757575183154	-277.4648437645852	-212.00963485710253	-288.7813148664804	-0.18363458095449253	-288.83342798298787	-288.83342798298787
12.	-286.61278223923125	-277.54475694969574	-212.54964639052088	-288.7837404592725	-0.18363687446638632	-288.83342798298787	-288.83342798298787
12.05	-286.6491908368272	-277.62410798564434	-213.08586417982985	-288.78605322127015	-0.18363906658739906	-288.83342798298787	-288.83342798298787
12.100000000000001	-286.68494383549057	-277.7029007927779	-213.6183138451038	-288.78825867877794	-0.1836411618698767	-288.83342798298787	-288.83342798298787
12.150000000000002	-286.72005329559926	-277.7811392914433	-214.14702100713856	-288.7903615154142	-0.18364316486616514	-288.83342798298787	-288.83342798298787
12.2	-286.7545312775312	-277.85882740198747	-214.67201128673	-288.79236627763106	-0.18364508001370963	-288.83342798298787	-288.83342798298787
12.25	-286.78838984166435	-277.93596904475737	-215.193310304674	-288.79427751188075	-0.1836469109530136	-288.83342798298787	-288.83342798298787
12.3	-286.82164104837665	-278.0125681400999	-215.7109436817664	-288.7960997646154	-0.18364866110024686	-288.83342798298787	-288.83342798298787
12.350000000000001	-286.854296958046	-278.0886286083619	-216.2249370388031	-288.797837465628	-0.18365033388319768	-288.83342798298787	-288.83342798298787
12.400000000000002	-286.88636963105034	-278.1641543698903	-216.7353159965799	-288.79949438148805	-0.18365193272965435	-288.83342798298787	-288.83342798298787
12.45	-286.9178711277676	-278.23914934503205	-217.2421061758927	-288.8010740517942	-0.18365346106740513	-288.83342798298787	-288.83342798298787
12.5	-286.94881350857577	-278.313617454134	-217.74533319753738	-288.8025800162705	-0.18365492230934435	-288.83342798298787	-288.83342798298787
12.55	-286.9792484717059	-278.3875626175431	-218.2450226823098	-288.804015814641	-0.18365631940517982	-288.83342798298787	-288.83342798298787
12.600000000000001	-287.0091460373886	-278.46098874260196	-218.7412002510058	-288.8053849527744	-0.18365765491696354	-288.83342798298787	-288.83342798298787
12.650000000000002	-287.0385158637077	-278.53389946134814	-219.23389152442127	-288.8066904949534	-0.18365893141976708	-288.83342798298787	-288.83342798298787
12.7	-287.06736760874696	-278.60629817909853	-219.7231219494896	-288.80793520337517	-0.183660151488662	-288.83342798298787	-288.83342798298787
12.75	-287.09571093059026	-278.6781882989994	-220.20891546476204	-288.8091218349999	-0.18366131769871985	-288.83342798298787	-288.83342798298787
12.8	-287.12355548732137	-278.7495732241968	-220.69129527047912	-288.810253146788	-0.18366243262501222	-288.83342798298787	-288.83342798298787
12.850000000000001	-287.1509109370241	-278.82045635783714	-221.1702845645927	-288.81133189637904	-0.18366349868719442	-288.83342798298787	-288.83342798298787
12.900000000000002	-287.17778693778223	-278.8908411030665	-221.6459065450547	-288.8123606500713	-0.18366451784094986	-288.83342798298787	-288.83342798298787
12.95	-287.2041931476795	-278.96073086303124	-222.11818440981696	-288.8133415454	-0.18366549198053686	-288.83342798298787	-288.83342798298787
13.	-287.23013922479987	-279.0301290408774	-222.5871413568315	-288.81427666767445	-0.18366642300034655	-288.83342798298787	-288.83342798298787
13.05	-287.2556656615566	-279.09903903975135	-223.0528005840502	-288.81516810220387	-0.18366731279477008	-288.83342798298787	-288.83342798298787
13.100000000000001	-287.2807494129566	-279.1674642627993	-223.51518528942495	-288.8160179342975	-0.18366816325819862	-288.83342798298787	-288.83342798298787
13.150000000000002	-287.3053982683366	-279.23540811316735	-223.97431867090765	-288.8168282492646	-0.18366897628502335	-288.83342798298787	-288.83342798298787
13.2	-287.32962001703305	-279.3028739940018	-224.4302239264502	-288.81760102790537	-0.18366975376383593	-288.83342798298787	-288.83342798298787
13.25	-287.3534224483825	-279.3698653084489	-224.88292425400454	-288.81833788926514	-0.18367049723854975	-288.83342798298787	-288.83342798298787
13.3	-287.37681335172164	-279.4363854596548	-225.33244285152256	-288.81904038355214	-0.1836712079884591	-288.83342798298787	-288.83342798298787
13.350000000000001	-287.39980051638685	-279.5024378507658	-225.77880291695615	-288.8197100610516	-0.18367188734066017	-288.83342798298787	-288.83342798298787
13.400000000000002	-287.42239173171475	-279.56802588492803	-226.22202783284555	-288.82034847204864	-0.18367253662224925	-288.83342798298787	-288.83342798298787
13.45	-287.444594787042	-279.63315296528776	-226.66214051404043	-288.8209571668285	-0.1836731571603226	-288.83342798298787	-288.83342798298787
13.5	-287.466417471705	-279.69782249499127	-227.09916180076976	-288.82153766770784	-0.1836737502819764	-288.83342798298787	-288.83342798298787
13.55	-287.487891798894	-279.76203787718464	-227.53311237633636	-288.8220912290517	-0.183674317314307	-288.83342798298787	-288.83342798298787
13.600000000000001	-287.50899986597966	-279.82580250660385	-227.96401292404315	-288.82261899596625	-0.18367485956249585	-288.83342798298787	-288.83342798298787
13.650000000000002	-287.5297479941861	-279.8891195525073	-228.391884127193	-288.8231221179565	-0.18367537803809061	-288.83342798298787	-288.83342798298787
13.7	-287.5501425047375	-279.95199197316475	-228.81674666908876	-288.82360174452737	-0.1836758736577509	-288.83342798298787	-288.83342798298787
13.75	-287.57018971885816	-280.01442272319673	-229.2386212330334	-288.82405902518383	-0.1836763473578	-288.83342798298787	-288.83342798298787
13.8	-287.5898959577723	-280.0764147572237	-229.65752850232974	-288.8244951077443	-0.18367680007456125	-288.83342798298787	-288.83342798298787
13.850000000000001	-287.609267542704	-280.1379710298661	-230.0734891602807	-288.8249109984952	-0.18367723274435796	-288.83342798298787	-288.83342798298787
13.900000000000002	-287.6283107948776	-280.1990944957445	-230.48652389018918	-288.8253075382681	-0.18367764630351346	-288.83342798298787	-288.83342798298787
13.95	-287.6470320355173	-280.2597881094793	-230.896653375358	-288.82568557248766	-0.18367804168835106	-288.83342798298787	-288.83342798298787
14.	-287.6654375858473	-280.320054825691	-231.30389829909012	-288.8260459465789	-0.18367841979212798	-288.83342798298787	-288.83342798298787
14.05	-287.68355296236933	-280.37989759900006	-231.7082793446884	-288.82638950596674	-0.1836787812812233	-288.83342798298787	-288.83342798298787
14.100000000000001	-287.70136412767994	-280.439319384027	-232.10981719545575	-288.826717096076	-0.18367912681323523	-288.83342798298787	-288.83342798298787
14.150000000000002	-287.7188762396531	-280.49832313539224	-232.50853253469504	-288.8270295234265	-0.18367945705229788	-288.83342798298787	-288.83342798298787
14.200000000000003	-287.736094456163	-280.5569118077163	-232.90444604570914	-288.82732743205236	-0.18367977266254532	-288.83342798298787	-288.83342798298787
14.25	-287.75302393508366	-280.6150883556196	-233.2975784118009	-288.8276114462954	-0.1836800743081116	-288.83342798298787	-288.83342798298787
14.3	-287.7696698342891	-280.67285573372266	-233.6879503135813	-288.82788219174734	-0.18368036265313084	-288.83342798298787	-288.83342798298787
14.350000000000001	-287.7860373116534	-280.73021689664597	-234.07558163651672	-288.8281402939998	-0.1836806383617371	-288.83342798298787	-288.83342798298787
14.400000000000002	-287.80213152505064	-280.78717479901	-234.46049068293325	-288.82838637864444	-0.18368090203252127	-288.83342798298787	-288.83342798298787
14.450000000000003	-287.8179576323548	-280.8437323954352	-234.8426956077142	-288.828621065246	-0.18368115411158698	-288.83342798298787	-288.83342798298787
14.5	-287.83352079144004	-280.8998926405421	-235.22221456574295	-288.82884486921995	-0.18368139506262693	-288.83342798298787	-288.83342798298787
14.55	-287.8488414861753	-280.95565848895103	-235.5990657119028	-288.82905824788406	-0.18368162534993857	-288.83342798298787	-288.83342798298787
14.600000000000001	-287.8639086195915	-281.0110328899525	-235.97326720107714	-288.8292616625976	-0.1836818454378193	-288.83342798298787	-288.83342798298787
14.650000000000002	-287.8787264207146	-281.0660186079588	-236.34483718814926	-288.82945557472	-0.1836820557905665	-288.83342798298787	-288.83342798298787
14.700000000000003	-287.89329911857044	-281.12061821267145	-236.7137938280025	-288.8296404456105	-0.1836822568724777	-288.83342798298787	-288.83342798298787
14.75	-287.9076309421849	-281.17483426905136	-237.0801552755202	-288.8298167366274	-0.18368244914730247	-288.83342798298787	-288.83342798298787
14.8	-287.9217261205838	-281.2286693420594	-237.44393968558572	-288.8299848703373	-0.1836826330072304	-288.83342798298787	-288.83342798298787
14.850000000000001	-287.9355888827932	-281.2821259966565	-237.8051652130824	-288.83014518585026	-0.18368280877043616	-288.83342798298787	-288.83342798298787
14.900000000000002	-287.9492234578388	-281.33520679780344	-238.16385001289353	-288.83029801850137	-0.18368297676508374	-288.83342798298787	-288.83342798298787
14.950000000000003	-287.9626340747465	-281.38791431046127	-238.5200122399025	-288.8304437036255	-0.18368313731933697	-288.83342798298787	-288.83342798298787
15.	-287.97582496254233	-281.4402510995908	-238.8736700489926	-288.8305825765577	-0.1836832907613598	-288.83342798298787	-288.83342798298787
15.05	-287.98881266870893	-281.4922197301529	-239.22484159504722	-288.8307149726328	-0.1836834374193161	-288.83342798298787	-288.83342798298787
15.100000000000001	-288.0015883572422	-281.54382276710857	-239.57354503294965	-288.83084122718594	-0.18368357762136972	-288.83342798298787	-288.83342798298787
15.150000000000002	-288.0141555105949	-281.5950627754185	-239.91979851758327	-288.83096165961706	-0.1836837116926838	-288.83342798298787	-288.83342798298787
15.200000000000003	-288.0265176112196	-281.6459423200438	-240.26362020383138	-288.83107650694063	-0.18368383989545242	-288.83342798298787	-288.83342798298787
15.25	-288.0386781415693	-281.6964639659452	-240.60502809300334	-288.8311860020893	-0.18368396245178897	-288.83342798298787	-288.83342798298787
15.3	-288.0506405840965	-281.7466302780837	-240.94403878208223	-288.8312903801469	-0.18368407958633312	-288.83342798298787	-288.83342798298787
15.350000000000001	-288.0624084212541	-281.79644382142016	-241.2806682022255	-288.83138987619753	-0.18368419152372456	-288.83342798298787	-288.83342798298787
15.400000000000002	-288.0739851354947	-281.84590716091543	-241.61493228869026	-288.83148472532497	-0.18368429848860307	-288.83342798298787	-288.83342798298787
15.450000000000003	-288.08537420927115	-281.89502286153044	-241.94684697673364	-288.8315751626131	-0.18368440070560832	-288.83342798298787	-288.83342798298787
15.5	-288.0965791250361	-281.94379348822605	-242.27642820161267	-288.8316614210639	-0.18368449839938006	-288.83342798298787	-288.83342798298787
15.55	-288.10761331725047	-281.9922216059632	-242.60369189858451	-288.83174368694085	-0.18368459179455798	-288.83342798298787	-288.83342798298787
15.600000000000001	-288.1184697132069	-282.0403097891237	-242.92865400290628	-288.8318221223403	-0.18368468111578182	-288.83342798298787	-288.83342798298787
15.650000000000002	-288.12915119220594	-282.08806068537706	-243.25133044983505	-288.8318968932074	-0.18368476658614477	-288.83342798298787	-288.83342798298787
15.700000000000003	-288.13966063354854	-282.1354765813884	-243.5717371746279	-288.83196816548707	-0.1836848483828265	-288.83342798298787	-288.83342798298787
15.75	-288.1500009165353	-282.18255965733096	-243.889890112542	-288.8320361051243	-0.18368492663338976	-288.83342798298787	-288.83342798298787
15.8	-288.16017492046694	-282.22931209337816	-244.20580519883435	-288.83210087806407	-0.1836850014632529	-288.83342798298787	-288.83342798298787
15.850000000000001	-288.1701855246443	-282.2757360697034	-244.51949836876216	-288.8321626502514	-0.18368507299783432	-288.83342798298787	-288.83342798298787
15.900000000000002	-288.180035608368	-282.32183376648	-244.8309855575825	-288.83222156856334	-0.18368514136255243	-288.83342798298787	-288.83342798298787
15.950000000000003	-288.1897280509388	-282.36760736388135	-245.1402827005524	-288.8322777466894	-0.18368520668282554	-288.83342798298787	-288.83342798298787
16.	-288.1992657316574	-282.4130590420808	-245.44740573292904	-288.8323313021143	-0.18368526908407207	-288.83342798298787	-288.83342798298787
16.05	-288.20865965560563	-282.45819098125185	-245.7523705899695	-288.83238235232756	-0.1836853286917104	-288.83342798298787	-288.83342798298787
16.1	-288.21790408383157	-282.5030053615677	-246.05519320693088	-288.8324310148183	-0.1836853856311589	-288.83342798298787	-288.83342798298787
16.150000000000002	-288.22700140316437	-282.5475043632019	-246.35588951557784	-288.8324774070759	-0.18368544003399456	-288.83342798298787	-288.83342798298787
16.200000000000003	-288.23595400043314	-282.5916901663277	-246.65447479649572	-288.8325216465895	-0.1836854920711138	-288.83342798298787	-288.83342798298787
16.25	-288.24476426246713	-282.6355649511185	-246.95096313632172	-288.83256384574804	-0.1836855418409349	-288.83342798298787	-288.83342798298787
16.3	-288.2534345760954	-282.6791308977477	-247.24536852213214	-288.83260408798157	-0.1836855894239381	-288.83342798298787	-288.83342798298787
16.35	-288.26196732814714	-282.7223901863887	-247.53770494100326	-288.8326424546769	-0.18368563490060347	-288.83342798298787	-288.83342798298787
16.400000000000002	-288.27036490545146	-282.76534499721475	-247.82798638001134	-288.83267902809024	-0.18368567835141117	-288.83342798298787	-288.83342798298787
16.450000000000003	-288.2786296948376	-282.8079975103994	-248.11622682623272	-288.8327138904777	-0.18368571985684137	-288.83342798298787	-288.83342798298787
16.5	-288.28676408313464	-282.85034990611587	-248.4024402667436	-288.83274712409553	-0.1836857594973742	-288.83342798298787	-288.83342798298787
16.55	-288.2947770214565	-282.89240436453764	-248.68664068862034	-288.83277881119983	-0.1836857973534898	-288.83342798298787	-288.83342798298787
16.6	-288.30266393451217	-282.93416306583805	-248.96884207893922	-288.8328090334553	-0.18368583350566836	-288.83342798298787	-288.83342798298787
16.650000000000002	-288.3104268112953	-282.9756281901905	-249.2490584247765	-288.83283785679623	-0.1836858680390197	-288.83342798298787	-288.83342798298787
16.700000000000003	-288.31806764079965	-283.0168019177683	-249.52730371320848	-288.8328653380053	-0.18368590106720248	-288.83342798298787	-288.83342798298787
16.75	-288.32558841201893	-283.0576864287449	-249.80359193131142	-288.8328915352224	-0.18368593265592967	-288.83342798298787	-288.83342798298787
16.8	-288.33299111394683	-283.0982839032936	-250.07793706616164	-288.8329165065875	-0.18368596285936575	-288.83342798298787	-288.83342798298787
16.85	-288.34027773557705	-283.13859652158783	-250.3503531048354	-288.8329403102404	-0.1836859917316753	-288.83342798298787	-288.83342798298787
16.900000000000002	-288.34745026590326	-283.17862646144414	-250.620854034409	-288.8329630043211	-0.18368601932702283	-288.83342798298787	-288.83342798298787
16.950000000000003	-288.3545106939193	-283.21837573343805	-250.88945384195873	-288.83298464696946	-0.18368604569957284	-288.83342798298787	-288.83342798298787
17.	-288.3614610086188	-283.2578461503101	-251.15616651456082	-288.8330052909978	-0.18368607090348985	-288.83342798298787	-288.83342798298787
17.05	-288.3683086507979	-283.29703952611084	-251.42100603929165	-288.83302497648344	-0.18368609499293842	-288.83342798298787	-288.83342798298787
17.1	-288.37504982723567	-283.3359576748909	-251.68398627054964	-288.83304374319357	-0.18368611802208304	-288.83342798298787	-288.83342798298787
17.150000000000002	-288.3816861965135	-283.37460241070073	-251.94511996205708	-288.8330616309013	-0.1836861400470528	-288.83342798298787	-288.83342798298787
17.200000000000003	-288.3882194172128	-283.41297554759103	-252.2044193872566	-288.8330786793797	-0.18368616113078304	-288.83342798298787	-288.83342798298787
17.25	-288.39465114791506	-283.4510788996123	-252.4618968232637	-288.8330949284019	-0.18368618130941203	-288.83342798298787	-288.83342798298787
17.3	-288.40098304720163	-283.48891428081515	-252.7175645471939	-288.8331104177411	-0.18368620061405885	-288.83342798298787	-288.83342798298787
17.35	-288.4072167736541	-283.52648350525016	-252.97143483616273	-288.83312518717037	-0.18368621907584262	-288.83342798298787	-288.83342798298787
17.400000000000002	-288.4133539858538	-283.56378838696793	-253.22351996728563	-288.83313927646293	-0.1836862367258824	-288.83342798298787	-288.83342798298787
17.450000000000003	-288.4193963423822	-283.600830740019	-253.47383221767817	-288.8331527247836	-0.18368625359529733	-288.83342798298787	-288.83342798298787
17.5	-288.4253455018207	-283.6376123784539	-253.72238386445576	-288.83316556173924	-0.18368626971520646	-288.83342798298787	-288.83342798298787
17.55	-288.4312075777649	-283.6741351163233	-253.969187184734	-288.8331778096861	-0.18368628511672888	-288.83342798298787	-288.83342798298787
17.6	-288.43697950378123	-283.71040076767775	-254.21425445562832	-288.833189490834	-0.18368629983098372	-288.83342798298787	-288.83342798298787
17.650000000000002	-288.44266266845034	-283.7464111465678	-254.45759795425428	-288.83320062739284	-0.18368631389012624	-288.83342798298787	-288.83342798298787
17.700000000000003	-288.44825846035275	-283.7821680670441	-254.6992299577273	-288.8332112415725	-0.18368632733056547	-288.83342798298787	-288.83342798298787
17.75	-288.4537682680691	-283.8176733431571	-254.93916274316294	-288.8332213555828	-0.18368634017733812	-288.83342798298787	-288.83342798298787
17.8	-288.45919348018	-283.85292878895746	-255.1774085876767	-288.8332309916336	-0.18368635245331175	-288.83342798298787	-288.83342798298787
17.85	-288.46453548526586	-283.8879362184958	-255.41397976838405	-288.83324017193496	-0.18368636418135387	-288.83342798298787	-288.83342798298787
17.900000000000002	-288.46979567190743	-283.92269744582256	-255.64888856240051	-288.8332489187347	-0.18368637538433202	-288.83342798298787	-288.83342798298787
17.950000000000003	-288.4749754286853	-283.9572142849885	-255.88214724684158	-288.83325726088265	-0.18368638608511373	-288.83342798298787	-288.83342798298787
18.	-288.48007614418	-283.991488550044	-256.1137680946905	-288.8332652199598	-0.18368639630656652	-288.83342798298787	-288.83342798298787
18.05	-288.4851028936198	-284.0255220550398	-256.34376284729177	-288.83327281022287	-0.18368640607155795	-288.83342798298787	-288.83342798298787
18.1	-288.49005315550437	-284.0593166140264	-256.57214234748903	-288.8332800459284	-0.18368641540295552	-288.83342798298787	-288.83342798298787
18.150000000000002	-288.49492809498116	-284.09287404105436	-256.79891737142884	-288.83328694133303	-0.1836864243236268	-288.83342798298787	-288.83342798298787
18.200000000000003	-288.4997288771976	-284.12619614945413	-257.0240986952578	-288.83329351069347	-0.1836864328564393	-288.83342798298787	-288.83342798298787
18.25	-288.504456667301	-284.15928462977473	-257.2476970951225	-288.8332997682662	-0.18368644102340118	-288.83342798298787	-288.83342798298787
18.3	-288.5091126304387	-284.19214099250644	-257.46972334716946	-288.83330572830806	-0.18368644882458834	-288.83342798298787	-288.83342798298787
18.35	-288.51369793175826	-284.22476674690694	-257.6901882275454	-288.83331140507545	-0.18368645626893	-288.83342798298787	-288.83342798298787
18.400000000000002	-288.51821373640695	-284.25716340223374	-257.90910251239677	-288.8333168146349	-0.18368646337416872	-288.83342798298787	-288.83342798298787
18.450000000000003	-288.52266120953215	-284.28933246774443	-258.1264769778703	-288.8333219757969	-0.18368647015804707	-288.83342798298787	-288.83342798298787
18.5	-288.5270415162813	-284.3212754526966	-258.34232240011244	-288.8333268988673	-0.18368647663830764	-288.83342798298787	-288.83342798298787
18.55	-288.5313588771098	-284.35299386634796	-258.55664955526987	-288.833331593436	-0.18368648283269298	-288.83342798298787	-288.83342798298787
18.6	-288.53561121668685	-284.3844892179559	-258.76946921948917	-288.8333360690929	-0.18368648875894564	-288.83342798298787	-288.83342798298787
18.650000000000002	-288.5397995149896	-284.4157630167781	-258.9807921689169	-288.83334033542786	-0.18368649443480822	-288.83342798298787	-288.83342798298787
18.700000000000003	-288.5439247519954	-284.44681677207217	-259.1906291796996	-288.83334440203066	-0.1836864998780233	-288.83342798298787	-288.83342798298787
18.75	-288.54798790768126	-284.4776519930956	-259.3989910279839	-288.83334827849126	-0.1836865051063334	-288.83342798298787	-288.83342798298787
18.8	-288.55198996202455	-284.50827018910604	-259.6058884899165	-288.8333519743995	-0.1836865101374811	-288.83342798298787	-288.83342798298787
18.85	-288.55593189500235	-284.5386728693611	-259.81133234164383	-288.8333554994192	-0.1836865149891849	-288.83342798298787	-288.83342798298787
18.900000000000002	-288.55981468659195	-284.5688615431183	-260.0153333593126	-288.83335886479887	-0.18368651964889612	-288.83342798298787	-288.83342798298787
18.950000000000003	-288.56363931677055	-284.5988377196353	-260.21790220487816	-288.8333620777994	-0.18368652410130892	-288.83342798298787	-288.83342798298787
19.	-288.56740676551533	-284.62860290816957	-260.4190486791232	-288.8333651439309	-0.18368652835528065	-288.83342798298787	-288.83342798298787
19.05	-288.57112055237064	-284.6581586179788	-260.61878223772356	-288.8333680687035	-0.1836865324196687	-288.83342798298787	-288.83342798298787
19.1	-288.57477896383347	-284.68750635832055	-260.8171123393915	-288.8333708576275	-0.1836865363033304	-288.83342798298787	-288.83342798298787
19.150000000000002	-288.5783828259677	-284.7166476384524	-261.0140484428394	-288.8333735162129	-0.18368654001512316	-288.83342798298787	-288.83342798298787
19.200000000000003	-288.58193296483756	-284.7455839676319	-261.2096000067795	-288.8333760499698	-0.18368654356390432	-288.83342798298787	-288.83342798298787
19.25	-288.58543020650694	-284.77431685511664	-261.40377648992416	-288.8333784644085	-0.18368654695853126	-288.83342798298787	-288.83342798298787
19.3	-288.58887537704	-284.8028478101642	-261.59658735098566	-288.833380765039	-0.18368655020786134	-288.83342798298787	-288.83342798298787
19.35	-288.5922693025007	-284.8311783420323	-261.78804204867635	-288.8333829578421	-0.18368655332075196	-288.83342798298787	-288.83342798298787
19.400000000000002	-288.59561280895315	-284.8593099599783	-261.97815004170855	-288.83338504872347	-0.18368655630606043	-288.83342798298787	-288.83342798298787
19.450000000000003	-288.5989067224614	-284.88724417325994	-262.1669207887945	-288.83338704179926	-0.18368655917264418	-288.83342798298787	-288.83342798298787
19.5	-288.6021518690894	-284.9149824910459	-262.3543637486467	-288.8333889411192	-0.183686561921238	-288.83342798298787	-288.83342798298787
19.55	-288.6053511915658	-284.94252633504277	-262.5404883799772	-288.8333907507331	-0.18368656454333182	-288.83342798298787	-288.83342798298787
19.6	-288.6085032710073	-284.9698769651512	-262.7253041414985	-288.83339247469075	-0.18368656704371636	-288.83342798298787	-288.83342798298787
19.650000000000002	-288.61160880519543	-284.9970356370566	-262.9088204919229	-288.833394117042	-0.18368656942752093	-288.83342798298787	-288.83342798298787
19.700000000000003	-288.6146684919115	-285.0240036064445	-263.0910468899626	-288.83339568183663	-0.18368657169987487	-288.83342798298787	-288.83342798298787
19.75	-288.6176830289368	-285.05078212900037	-263.27199279433	-288.8333971731244	-0.1836865738659075	-288.83342798298787	-288.83342798298787
19.8	-288.6206531140528	-285.0773724604095	-263.45166766373745	-288.83339859495516	-0.18368657593074816	-288.83342798298787	-288.83342798298787
19.85	-288.6235794450408	-285.1037758563574	-263.63008096916127	-288.8333999513787	-0.18368657789952617	-288.83342798298787	-288.83342798298787
19.900000000000002	-288.6264627196821	-285.12999357252954	-263.8072423013127	-288.83340124632366	-0.18368657977737088	-288.83342798298787	-288.83342798298787
19.950000000000003	-288.6293036357581	-285.15602686461125	-263.9831601878676	-288.833402480075	-0.18368658156941162	-288.83342798298787	-288.83342798298787
20.	-288.6321028910502	-285.1818769882881	-264.1578427979906	-288.8334036542294	-0.1836865832807777	-288.83342798298787	-288.83342798298787
20.05	-288.6348629520268	-285.2075451992454	-264.3312983008464	-288.8334047719289	-0.18368658491659845	-288.83342798298787	-288.83342798298787
20.1	-288.63758264058913	-285.2330327531686	-264.50353486559953	-288.8334058363154	-0.18368658648377434	-288.83342798298787	-288.83342798298787
20.150000000000002	-288.64026254732516	-285.2583409057432	-264.6745606614146	-288.83340685053093	-0.18368658799187734	-288.83342798298787	-288.83342798298787
20.200000000000003	-288.64290326282315	-285.28347091265454	-264.8443838574563	-288.8334078177175	-0.18368658944167474	-288.83342798298787	-288.83342798298787
20.25	-288.6455053776714	-285.3084240295881	-265.0130126228892	-288.833408741017	-0.18368659083316655	-288.83342798298787	-288.83342798298787
20.3	-288.6480694824579	-285.3332015122293	-265.180455126878	-288.8334096235716	-0.18368659216635277	-288.83342798298787	-288.83342798298787
20.35	-288.650596167771	-285.35780461626365	-265.3467195385872	-288.8334104685231	-0.1836865934412334	-288.83342798298787	-288.83342798298787
20.400000000000002	-288.6530860241989	-285.38223459737645	-265.5118140271815	-288.83341127901355	-0.1836865946578084	-288.83342798298787	-288.83342798298787
20.450000000000003	-288.6555396423297	-285.40649271125324	-265.6757467618255	-288.83341205818493	-0.18368659581607785	-288.83342798298787	-288.83342798298787
20.5	-288.6579576127516	-285.43058021357933	-265.83852591168386	-288.8334128070266	-0.18368659691604167	-288.83342798298787	-288.83342798298787
20.55	-288.6603420075008	-285.4544983600403	-266.00015964592114	-288.8334135211607	-0.1836865979576999	-288.83342798298787	-288.83342798298787
20.6	-288.6626918459327	-285.4782484063215	-266.160656133702	-288.8334142016869	-0.18368659894105255	-288.83342798298787	-288.83342798298787
20.650000000000002	-288.66500762885096	-285.5018316081084	-266.3200235441911	-288.8334148501735	-0.1836865998660996	-288.83342798298787	-288.83342798298787
20.700000000000003	-288.6672898570589	-285.5252492210863	-266.47827004655295	-288.83341546818895	-0.18368660073284104	-288.83342798298787	-288.83342798298787
20.75	-288.66953903136	-285.54850250094086	-266.6354038099522	-288.8334160573017	-0.18368660155164732	-288.83342798298787	-288.83342798298787
20.8	-288.67175565255775	-285.5715927033573	-266.7914330035536	-288.8334166190801	-0.18368660233958012	-288.83342798298787	-288.83342798298787
20.85	-288.6739402214556	-285.59452102308825	-266.94636579652166	-288.83341715509255	-0.1836866030968895	-288.83342798298787	-288.83342798298787
20.900000000000002	-288.67609323885705	-285.6172885116309	-267.100210358021	-288.83341766690745	-0.18368660382357546	-288.83342798298787	-288.83342798298787
20.950000000000003	-288.67821520556555	-285.63989621374805	-267.25297485721626	-288.8334181560933	-0.183686604519638	-288.83342798298787	-288.83342798298787
21.	-288.68030662238453	-285.6623451742189	-267.40466746258375	-288.83341862421827	-0.18368660518507712	-288.83342798298787	-288.83342798298787
21.05	-288.6823692337635	-285.6846364378227	-267.55529592359966	-288.83341907281476	-0.18368660581989282	-288.83342798298787	-288.83342798298787
21.1	-288.6844022214874	-285.7067710493385	-267.70486721360123	-288.8334195009345	-0.1836866064240851	-288.83342798298787	-288.83342798298787
21.150000000000002	-288.68640601098724	-285.72875005354564	-267.8533882736377	-288.83341990814006	-0.18368660699765396	-288.83342798298787	-288.83342798298787
21.200000000000003	-288.688381027694	-285.7505744952232	-268.00086604475825	-288.83342029533964	-0.1836866075405994	-288.83342798298787	-288.83342798298787
21.25	-288.6903276970387	-285.7722454191503	-268.1473074680121	-288.83342066344164	-0.18368660805292142	-288.83342798298787	-288.83342798298787
21.3	-288.6922464444523	-285.79376387010626	-268.2927194844485	-288.8334210133544	-0.18368660853462002	-288.83342798298787	-288.83342798298787
21.35	-288.6941376953657	-285.8151308928702	-268.43710903511663	-288.83342134598627	-0.18368660898578967	-288.83342798298787	-288.83342798298787
21.400000000000002	-288.6960018752101	-285.8363475322213	-268.58048306106565	-288.83342166224554	-0.18368660941613582	-288.83342798298787	-288.83342798298787
21.450000000000003	-288.69783940941625	-285.8574148329387	-268.7228485033448	-288.83342196304056	-0.18368660983213944	-288.83342798298787	-288.83342798298787
21.5	-288.69965072341523	-285.8783338398016	-268.86421230300317	-288.8334222492797	-0.18368661023380053	-288.83342798298787	-288.83342798298787
21.55	-288.701437288871	-285.89910559758926	-269.00458140109015	-288.83342252187134	-0.1836866106211191	-288.83342798298787	-288.83342798298787
21.6	-288.7031984215735	-285.9197311510807	-269.1439627386548	-288.8334227817237	-0.18368661099409514	-288.83342798298787	-288.83342798298787
21.650000000000002	-288.7049344835457	-285.94021154505526	-269.28236325674646	-288.83342303001876	-0.18368661135272862	-288.83342798298787	-288.83342798298787
21.700000000000003	-288.7066458368105	-285.96054782429206	-269.41978989641416	-288.8334232684049	-0.18368661169701958	-288.83342798298787	-288.83342798298787
21.75	-288.70833284339074	-285.98074103357027	-269.55624959870727	-288.83342349702866	-0.183686612026968	-288.83342798298787	-288.83342798298787
21.8	-288.70999586530945	-286.000792217669	-269.69174930467483	-288.8334237158901	-0.1836866123425739	-288.83342798298787	-288.83342798298787
21.85	-288.7116352645896	-286.0207024213676	-269.8262959553662	-288.83342392498923	-0.1836866126438373	-288.83342798298787	-288.83342798298787
21.900000000000002	-288.713251403254	-286.0404726894451	-269.9598964918305	-288.83342412432603	-0.1836866129307581	-288.83342798298787	-288.83342798298787
21.950000000000003	-288.7148446433256	-286.0601040666807	-270.0925578551169	-288.83342431390054	-0.18368661320333643	-288.83342798298787	-288.83342798298787
22.	-288.7164153468274	-286.07959759785365	-270.2242869862747	-288.8334244937127	-0.1836866134619565	-288.83342798298787	-288.83342798298787
22.05	-288.7179647577114	-286.0989543277431	-270.35509082635303	-288.8334246637625	-0.18368661371118633	-288.83342798298787	-288.83342798298787
22.1	-288.7194923026211	-286.1181753011282	-270.4849763164011	-288.83342482405	-0.1836866139523529	-288.83342798298787	-288.83342798298787
22.150000000000002	-288.7209982901293	-286.13726152095956	-270.6139503974681	-288.83342497457517	-0.1836866141854562	-288.83342798298787	-288.83342798298787
22.200000000000003	-288.72248302880854	-286.1562138658659	-270.74201974482105	-288.83342511533795	-0.18368661441049627	-288.83342798298787	-288.83342798298787
22.25	-288.7239468272316	-286.17503320488044	-270.8691903072546	-288.833425247006	-0.1836866146274731	-288.83342798298787	-288.83342798298787
22.3	-288.7253899939711	-286.1937204072395	-270.99546798033924	-288.8334253730491	-0.18368661483638668	-288.83342798298787	-288.83342798298787
22.35	-288.7268128375997	-286.2122763421794	-271.12085866016724	-288.83342549396485	-0.18368661503723702	-288.83342798298787	-288.83342798298787
22.400000000000002	-288.7282156666901	-286.2307018789364	-271.2453682428308	-288.83342560975314	-0.1836866152300241	-288.83342798298787	-288.83342798298787
22.450000000000003	-288.729598789815	-286.2489978867468	-271.369002624422	-288.833425720414	-0.18368661541474796	-288.83342798298787	-288.83342798298787
22.5	-288.730962515547	-286.26716523484686	-271.49176770103315	-288.83342582594753	-0.18368661559140856	-288.83342798298787	-288.83342798298787
22.55	-288.73230789731196	-286.2852047924729	-271.6136693687564	-288.8334259263536	-0.1836866157600059	-288.83342798298787	-288.83342798298787
22.6	-288.7336344536868	-286.3031174288611	-271.7347135236839	-288.83342602163225	-0.18368661592054	-288.83342798298787	-288.83342798298787
22.650000000000002	-288.73494244810166	-286.32090401324797	-271.8549060619079	-288.8334261117835	-0.1836866160735358	-288.83342798298787	-288.83342798298787
22.700000000000003	-288.73623214398646	-286.33856541486955	-271.9742528795206	-288.83342619680735	-0.1836866162212148	-288.83342798298787	-288.83342798298787
22.75	-288.73750380477134	-286.3561025029623	-272.0927598726141	-288.83342627670373	-0.18368661636382627	-288.83342798298787	-288.83342798298787
22.8	-288.73875769388627	-286.3735161467624	-272.21043293728064	-288.8334263514728	-0.18368661650137025	-288.83342798298787	-288.83342798298787
22.85	-288.73999407476146	-286.3908072155062	-272.32727796961245	-288.83342642142065	-0.1836866166338467	-288.83342798298787	-288.83342798298787
22.900000000000002	-288.74121321082686	-286.40797657842995	-272.4433008657017	-288.83342648859013	-0.18368661676125564	-288.83342798298787	-288.83342798298787
22.950000000000003	-288.74241536551256	-286.42502510477	-272.55850752164054	-288.83342655335815	-0.18368661688359708	-288.83342798298787	-288.83342798298787
23.	-288.7436008022486	-286.4419536637625	-272.6729038335212	-288.8334266157247	-0.18368661700087102	-288.83342798298787	-288.83342798298787
23.05	-288.7447704146987	-286.4587631246439	-272.7864956974359	-288.8334266756898	-0.18368661711307743	-288.83342798298787	-288.83342798298787
23.1	-288.7459237978632	-286.47545435665035	-272.8992890094767	-288.8334267332534	-0.18368661722021634	-288.83342798298787	-288.83342798298787
23.150000000000002	-288.7470611769764	-286.4920282290182	-273.011289665736	-288.8334267884156	-0.18368661732228775	-288.83342798298787	-288.83342798298787
23.200000000000003	-288.7481827772722	-286.50848561098377	-273.12250356230584	-288.8334268411763	-0.18368661741929165	-288.83342798298787	-288.83342798298787
23.25	-288.7492888239847	-286.5248273717833	-273.2329365952784	-288.83342689153557	-0.18368661751122806	-288.83342798298787	-288.83342798298787
23.3	-288.7503795423481	-286.54105438065307	-273.34259466074593	-288.83342693949334	-0.18368661759881094	-288.83342798298787	-288.83342798298787
23.35	-288.75145515759647	-286.5571675068294	-273.45148350008105	-288.83342698504964	-0.18368661768335037	-288.83342798298787	-288.83342798298787
23.400000000000002	-288.7525158949638	-286.5731676195485	-273.5596082155176	-288.83342702820454	-0.18368661776487463	-288.83342798298787	-288.83342798298787
23.450000000000003	-288.75356197968415	-286.589055559894	-273.6669738120106	-288.83342706904693	-0.1836866178433837	-288.83342798298787	-288.83342798298787
23.5	-288.7545936369917	-286.60483206333305	-273.7735852977543	-288.83342710835717	-0.18368661791887753	-288.83342798298787	-288.83342798298787
23.55	-288.75561162630663	-286.6204978526171	-273.879447680943	-288.8334271463173	-0.1836866179913562	-288.83342798298787	-288.83342798298787
23.6	-288.75661560630203	-286.63605365096356	-273.98456596977087	-288.8334271829274	-0.18368661806081962	-288.83342798298787	-288.83342798298787
23.650000000000002	-288.75760576983697	-286.6515001815895	-274.08894517243226	-288.8334272181874	-0.18368661812726786	-288.83342798298787	-288.83342798298787
23.700000000000003	-288.75858230977065	-286.6668381677121	-274.19259029712134	-288.8334272520973	-0.1836866181907009	-288.83342798298787	-288.83342798298787
23.75	-288.75954541896226	-286.68206833254874	-274.29550635203236	-288.8334272846571	-0.18368661825111873	-288.83342798298787	-288.83342798298787
23.8	-288.76049529027085	-286.69719139931647	-274.3976983453597	-288.83342731586686	-0.18368661830852137	-288.83342798298787	-288.83342798298787
23.85	-288.76143211655574	-286.71220809123264	-274.4991712852974	-288.83342734572653	-0.18368661836290878	-288.83342798298787	-288.83342798298787
23.900000000000002	-288.76235609067595	-286.7271191315144	-274.5999301800399	-288.83342737423607	-0.18368661841428488	-288.83342798298787	-288.83342798298787
23.950000000000003	-288.76326740549075	-286.741925243379	-274.69998003778136	-288.83342740139557	-0.18368661846340661	-288.83342798298787	-288.83342798298787
24.	-288.76416625385923	-286.75662715004364	-274.7993258667161	-288.833427427205	-0.1836866185108401	-288.83342798298787	-288.83342798298787
24.05	-288.76505328217814	-286.7712255747255	-274.8979726750383	-288.83342745169483	-0.1836866185565853	-288.83342798298787	-288.83342798298787
24.1	-288.765928202282	-286.7857212406419	-274.9959254709422	-288.8334274752299	-0.18368661860064225	-288.83342798298787	-288.83342798298787
24.150000000000002	-288.7667911795428	-286.80011487100995	-275.09318926262216	-288.83342749791643	-0.18368661864301095	-288.83342798298787	-288.83342798298787
24.200000000000003	-288.7676423793326	-286.81440718904696	-275.18976905827236	-288.83342751975454	-0.18368661868369138	-288.83342798298787	-288.83342798298787
24.25	-288.7684819670234	-286.82859891797006	-275.28566986608706	-288.8334275407441	-0.18368661872268358	-288.83342798298787	-288.83342798298787
24.3	-288.76931010798717	-286.8426907809965	-275.3808966942605	-288.8334275608852	-0.1836866187599875	-288.83342798298787	-288.83342798298787
24.35	-288.7701269675961	-286.8566835013436	-275.47545455098697	-288.83342758017784	-0.1836866187956032	-288.83342798298787	-288.83342798298787
24.400000000000002	-288.77093271122214	-286.8705778022284	-275.5693484444607	-288.833427598622	-0.1836866188295306	-288.83342798298787	-288.83342798298787
24.450000000000003	-288.77172750423733	-286.88437440686823	-275.6625833828759	-288.83342761621765	-0.18368661886176976	-288.83342798298787	-288.83342798298787
24.5	-288.77251151201375	-286.89807403848033	-275.7551642896995	-288.8334276329648	-0.18368661889232066	-288.83342798298787	-288.83342798298787
24.55	-288.7732852856109	-286.9116774202818	-275.8470955560727	-288.8334276488635	-0.1836866189212209	-288.83342798298787	-288.83342798298787
24.6	-288.77404858133826	-286.92518527549	-275.9383814305487	-288.8334276639137	-0.18368661894900207	-288.83342798298787	-288.83342798298787
24.650000000000002	-288.7748015411929	-286.93859832732204	-276.02902616747684	-288.83342767812957	-0.18368661897583635	-288.83342798298787	-288.83342798298787
24.700000000000003	-288.77554430717197	-286.95191729899517	-276.1190340212065	-288.83342769175295	-0.18368661900172376	-288.83342798298787	-288.83342798298787
24.75	-288.7762770212724	-286.9651429151587	-276.208409246087	-288.83342770487155	-0.18368661902666428	-288.83342798298787	-288.83342798298787
24.8	-288.7769998254912	-286.9782758358431	-276.29715609646775	-288.8334277174853	-0.18368661905065795	-288.83342798298787	-288.83342798298787
24.85	-288.7777128618255	-286.9913166565519	-276.3852788266981	-288.8334277295942	-0.18368661907370473	-288.83342798298787	-288.83342798298787
24.900000000000002	-288.77841627227224	-287.00426597139517	-276.4727816911274	-288.8334277411982	-0.18368661909580467	-288.83342798298787	-288.83342798298787
24.950000000000003	-288.77911019882856	-287.017124374483	-276.55966894410506	-288.8334277522973	-0.1836866191169577	-288.83342798298787	-288.83342798298787
25.	-288.7797947834914	-287.02989245992546	-276.6459448399804	-288.8334277628917	-0.18368661913716386	-288.83342798298787	-288.83342798298787
25.05	-288.7804704967569	-287.04257082183256	-276.7316136331028	-288.8334277729811	-0.18368661915642315	-288.83342798298787	-288.83342798298787
25.1	-288.781137132214	-287.05516005431446	-276.8166795778216	-288.83342778256576	-0.18368661917473558	-288.83342798298787	-288.83342798298787
25.150000000000002	-288.7817948119507	-287.0676607514811	-276.90114692848624	-288.83342779164553	-0.1836866191921011	-288.83342798298787	-288.83342798298787
25.200000000000003	-288.782443658055	-287.08007350744265	-276.98501993944603	-288.8334278002204	-0.1836866192086144	-288.83342798298787	-288.83342798298787
25.25	-288.78308379261495	-287.0923989163091	-277.0683028650504	-288.83342780829605	-0.18368661922472476	-288.83342798298787	-288.83342798298787
25.3	-288.78371533771855	-287.10463757219054	-277.1509999596486	-288.83342781602204	-0.1836866192404904	-288.83342798298787	-288.83342798298787
25.35	-288.78433841545376	-287.11679006919707	-277.23311547759005	-288.83342782346534	-0.18368661925591126	-288.83342798298787	-288.83342798298787
25.400000000000002	-288.7849531479086	-287.1288570014387	-277.31465367322414	-288.833427830626	-0.1836866192709874	-288.83342798298787	-288.83342798298787
25.450000000000003	-288.78555965717106	-287.14083896302543	-277.3956188009002	-288.83342783750396	-0.18368661928571875	-288.83342798298787	-288.83342798298787
25.5	-288.78615806532923	-287.1527365480674	-277.4760151149676	-288.8334278440993	-0.18368661930010535	-288.83342798298787	-288.83342798298787
25.55	-288.7867487746819	-287.16455035067474	-277.5558468697758	-288.83342785041185	-0.1836866193141472	-288.83342798298787	-288.83342798298787
25.6	-288.7873316101238	-287.17628096495736	-277.635118319674	-288.8334278564418	-0.18368661932784427	-288.83342798298787	-288.83342798298787
25.650000000000002	-288.7879066767603	-287.18792898502545	-277.71383367590624	-288.83342786218907	-0.18368661934119662	-288.83342798298787	-288.83342798298787
25.700000000000003	-288.78847407969715	-287.199495004989	-277.7919967248997	-288.83342786765365	-0.1836866193542042	-288.83342798298787	-288.83342798298787
25.75	-288.78903392403976	-287.21097961895805	-277.86961107365045	-288.8334278728356	-0.18368661936686703	-288.83342798298787	-288.83342798298787
25.8	-288.78958631489365	-287.22238342104276	-277.94668033592507	-288.83342787773483	-0.1836866193791851	-288.83342798298787	-288.83342798298787
25.85	-288.7901313573644	-287.2337070053531	-278.0232081254901	-288.8334278823537	-0.1836866193911584	-288.83342798298787	-288.83342798298787
25.900000000000002	-288.79066915655744	-287.2449509659991	-278.09919805611213	-288.8334278868054	-0.18368661940278694	-288.83342798298787	-288.83342798298787
25.950000000000003	-288.79119981757844	-287.256115897091	-278.1746537415578	-288.8334278911526	-0.18368661941407075	-288.83342798298787	-288.83342798298787
26.	-288.79172344553285	-287.2672023927387	-278.24957879559366	-288.83342789539535	-0.1836866194250098	-288.83342798298787	-288.83342798298787
26.05	-288.79224038489457	-287.27821104705225	-278.32397683198633	-288.8334278995336	-0.18368661943560408	-288.83342798298787	-288.83342798298787
26.1	-288.7927504868936	-287.2891424541418	-278.3978514645024	-288.8334279035674	-0.1836866194458536	-288.83342798298787	-288.83342798298787
26.150000000000002	-288.79325384212837	-287.2999972081174	-278.4712063069084	-288.8334279074967	-0.18368661945575837	-288.83342798298787	-288.83342798298787
26.200000000000003	-288.7937505411971	-287.3107759029083	-278.54404497297105	-288.8334279113215	-0.1836866194653184	-288.83342798298787	-288.83342798298787
26.25	-288.7942406746982	-287.32147908583124	-278.6163710764568	-288.83342791504185	-0.18368661947453366	-288.83342798298787	-288.83342798298787
26.3	-288.79472433323	-287.3321072370341	-278.68818823113224	-288.8334279186578	-0.18368661948340417	-288.83342798298787	-288.83342798298787
26.35	-288.7952016073909	-287.34266083852776	-278.7595000507641	-288.83342792216916	-0.1836866194919299	-288.83342798298787	-288.83342798298787
26.400000000000002	-288.7956725877792	-287.3531403723232	-278.8303101491188	-288.8334279255761	-0.18368661950011092	-288.83342798298787	-288.83342798298787
26.450000000000003	-288.79613736499334	-287.3635463204313	-278.9006221399631	-288.8334279288785	-0.18368661950794715	-288.83342798298787	-288.83342798298787
26.5	-288.7965960296316	-287.37387916486307	-278.9704396370634	-288.83342793207646	-0.18368661951543863	-288.83342798298787	-288.83342798298787
26.55	-288.79704911979474	-287.3841393876294	-279.0397662541865	-288.83342793516994	-0.18368661952258536	-288.83342798298787	-288.83342798298787
26.6	-288.79749625145735	-287.3943274707412	-279.1086056050988	-288.83342793815893	-0.18368661952938733	-288.83342798298787	-288.83342798298787
26.650000000000002	-288.79793748809647	-287.4044438962095	-279.17696130356694	-288.83342794104345	-0.18368661953584456	-288.83342798298787	-288.83342798298787
26.700000000000003	-288.7983728931891	-287.4144891460452	-279.2448369633576	-288.8334279438235	-0.183686619541957	-288.83342798298787	-288.83342798298787
26.75	-288.7988025302122	-287.4244637022592	-279.31223619823726	-288.8334279464991	-0.1836866195477247	-288.83342798298787	-288.83342798298787
26.8	-288.79922646264276	-287.43436804686246	-279.3791626024727	-288.8334279490702	-0.18368661955314766	-288.83342798298787	-288.83342798298787
26.85	-288.79964475395786	-287.444202661866	-279.445619445418	-288.8334279515368	-0.18368661955822585	-288.83342798298787	-288.83342798298787
26.900000000000002	-288.80005746763436	-287.4539680292806	-279.51160979138655	-288.83342795389893	-0.18368661956295929	-288.83342798298787	-288.83342798298787
26.950000000000003	-288.8004646671494	-287.4636646311173	-279.57713671026175	-288.8334279561566	-0.18368661956734794	-288.83342798298787	-288.83342798298787
27.	-288.8008664159799	-287.47329294938703	-279.64220327192714	-288.8334279583098	-0.18368661957139187	-288.83342798298787	-288.83342798298787
27.050000000000004	-288.8012619820641	-287.4828534661007	-279.7068125462661	-288.8334279603585	-0.18368661957509105	-288.83342798298787	-288.83342798298787
27.1	-288.8016522726322	-287.4923466632693	-279.7709676031622	-288.8334279623027	-0.18368661957844545	-288.83342798298787	-288.83342798298787
27.15	-288.80203739937576	-287.50177302290376	-279.8346715124988	-288.83342796414246	-0.1836866195814551	-288.83342798298787	-288.83342798298787
27.200000000000003	-288.80241747398617	-287.511133027015	-279.8979273441594	-288.8334279658778	-0.18368661958412	-288.83342798298787	-288.83342798298787
27.25	-288.80279260815496	-287.5204271576139	-279.96073816802755	-288.83342796750856	-0.18368661958644014	-288.83342798298787	-288.83342798298787
27.300000000000004	-288.80316291357354	-287.52965589671146	-280.02310705398656	-288.83342796903486	-0.18368661958841553	-288.83342798298787	-288.83342798298787
27.35	-288.8035285019334	-287.53881972631865	-280.08503707192	-288.83342797045674	-0.18368661959004617	-288.83342798298787	-288.83342798298787
27.4	-288.80388948492606	-287.5479191284463	-280.14653129171126	-288.8334279717741	-0.18368661959133203	-288.83342798298787	-288.83342798298787
27.450000000000003	-288.8042459742429	-287.55695458510553	-280.2075927832439	-288.83342797298695	-0.18368661959227314	-288.83342798298787	-288.83342798298787
27.5	-288.8045980815755	-287.5659265783071	-280.2682246164013	-288.8334279740954	-0.18368661959286953	-288.83342798298787	-288.83342798298787
27.550000000000004	-288.8049475254832	-287.574835590062	-280.328429861067	-288.8334279750993	-0.18368661959312113	-288.83342798298787	-288.83342798298787
27.6	-288.8052927134036	-287.5836821023812	-280.3882115871244	-288.83342797599875	-0.18368661959304167	-288.83342798298787	-288.83342798298787
27.65	-288.8056336596423	-287.59246659727563	-280.44757286445696	-288.83342797679376	-0.1836866195928756	-288.83342798298787	-288.83342798298787
27.700000000000003	-288.8059703785047	-287.6011895453446	-280.5065167629482	-288.83342797748423	-0.18368661959271318	-288.83342798298787	-288.83342798298787
27.75	-288.8063028842964	-287.6098513074953	-280.56504635248155	-288.83342797807023	-0.18368661959255442	-288.83342798298787	-288.83342798298787
27.800000000000004	-288.8066311913229	-287.61845226774557	-280.62316470294047	-288.8334279785518	-0.18368661959239932	-288.83342798298787	-288.83342798298787
27.85	-288.8069553138897	-287.62699282622094	-280.68087488420844	-288.83342797892885	-0.18368661959224783	-288.83342798298787	-288.83342798298787
27.9	-288.8072752663025	-287.63547338304693	-280.73817996616896	-288.8334279792015	-0.1836866195921	-288.83342798298787	-288.83342798298787
27.950000000000003	-288.8075910628666	-287.6438943383492	-280.79508300424715	-288.83342797938644	-0.18368661959195584	-288.83342798298787	-288.83342798298787
28.	-288.8079027178877	-287.6522560922532	-280.85158671415326	-288.8334279795584	-0.1836866195918153	-288.83342798298787	-288.83342798298787
28.050000000000004	-288.80820940394193	-287.6605590448847	-280.907693682095	-288.83342797972614	-0.18368661959167842	-288.83342798298787	-288.83342798298787
28.1	-288.80851202807804	-287.66880359636906	-280.96340653828537	-288.8334279798896	-0.18368661959154517	-288.83342798298787	-288.83342798298787
28.15	-288.8088106556155	-287.67699014683205	-281.01872791293755	-288.83342798004895	-0.18368661959141558	-288.83342798298787	-288.83342798298787
28.200000000000003	-288.8091053518737	-287.6851190963991	-281.07366043626456	-288.83342798020396	-0.18368661959128962	-288.83342798298787	-288.83342798298787
28.25	-288.8093961821721	-287.69319084519583	-281.12820673847943	-288.8334279803548	-0.1836866195911673	-288.83342798298787	-288.83342798298787
28.300000000000004	-288.80968321183013	-287.70120579334787	-281.1823694497952	-288.8334279805014	-0.18368661959104865	-288.83342798298787	-288.83342798298787
28.35	-288.8099665061672	-287.70916434098075	-281.236151200425	-288.83342798064376	-0.18368661959093363	-288.83342798298787	-288.83342798298787
28.4	-288.8102461305027	-287.71706688822	-281.28955462058184	-288.83342798078195	-0.18368661959082228	-288.83342798298787	-288.83342798298787
28.450000000000003	-288.81052215015615	-287.7249138351913	-281.34258234047877	-288.83342798091587	-0.18368661959071456	-288.83342798298787	-288.83342798298787
28.5	-288.8107946304469	-287.73270558202006	-281.39523699032884	-288.83342798104553	-0.18368661959061047	-288.83342798298787	-288.83342798298787
28.550000000000004	-288.8110639905432	-287.74044252883203	-281.4475212003452	-288.833427981171	-0.18368661959051005	-288.83342798298787	-288.83342798298787
28.6	-288.81132992047026	-287.7481250757527	-281.4994376007408	-288.83342798129223	-0.18368661959041327	-288.83342798298787	-288.83342798298787
28.65	-288.8115924641022	-287.75575362290766	-281.55098882172877	-288.8334279814093	-0.18368661959032012	-288.83342798298787	-288.83342798298787
28.700000000000003	-288.81185166531304	-287.76332857042246	-281.60217749352216	-288.83342798152205	-0.18368661959023064	-288.83342798298787	-288.83342798298787
28.75	-288.81210756797685	-287.7708503184227	-281.653006246334	-288.8334279816306	-0.1836866195901448	-288.83342798298787	-288.83342798298787
28.800000000000004	-288.81236021596766	-287.77831926703396	-281.7034777103773	-288.833427981735	-0.18368661959006258	-288.83342798298787	-288.83342798298787
28.85	-288.8126096531595	-287.78573581594475	-281.75359451586525	-288.8334279818351	-0.18368661958998403	-288.83342798298787	-288.83342798298787
28.9	-288.81285592342647	-287.79310033755166	-281.8033592930108	-288.833427981931	-0.18368661958990912	-288.83342798298787	-288.83342798298787
28.950000000000003	-288.8130990706426	-287.80041317155445	-281.852774672027	-288.8334279820226	-0.18368661958983784	-288.83342798298787	-288.83342798298787
29.	-288.8133391386819	-287.8076746573277	-281.901843251751	-288.83342798211004	-0.18368661958977023	-288.83342798298787	-288.83342798298787
29.050000000000004	-288.8135762670811	-287.8148851342461	-281.95056739243574	-288.83342798219326	-0.18368661958970625	-288.83342798298787	-288.83342798298787
29.1	-288.8138103982538	-287.82204494168406	-281.9989493659832	-288.83342798227227	-0.1836866195896459	-288.83342798298787	-288.83342798298787
29.15	-288.8140415702764	-287.8291544190163	-282.0469914461504	-288.833427982347	-0.18368661958958923	-288.83342798298787	-288.83342798298787
29.200000000000003	-288.81426982122525	-287.8362139056173	-282.0946959066941	-288.8334279824175	-0.1836866195895362	-288.83342798298787	-288.83342798298787
29.25	-288.81449518917657	-287.8432237408616	-282.14206502137114	-288.83342798248384	-0.18368661958948682	-288.83342798298787	-288.83342798298787
29.300000000000004	-288.8147177122067	-287.850184264124	-282.1891010639384	-288.8334279825459	-0.18368661958944107	-288.83342798298787	-288.83342798298787
29.35	-288.814937428392	-287.85709581477886	-282.2358063081527	-288.8334279826038	-0.18368661958939897	-288.83342798298787	-288.83342798298787
29.4	-288.81515437580873	-287.86395873220084	-282.2821830277709	-288.8334279826574	-0.18368661958936053	-288.83342798298787	-288.83342798298787
29.450000000000003	-288.8153685925333	-287.8707733557645	-282.3282334965499	-288.8334279827068	-0.18368661958932572	-288.83342798298787	-288.83342798298787
29.5	-288.81558011664185	-287.87754002484445	-282.3739599882465	-288.83342798275197	-0.18368661958929455	-288.83342798298787	-288.83342798298787
29.550000000000004	-288.81578898621086	-287.88425907881526	-282.4193647766176	-288.8334279827929	-0.18368661958926705	-288.83342798298787	-288.83342798298787
29.6	-288.8159952393166	-287.8909308570515	-282.46445013541995	-288.8334279828296	-0.18368661958924318	-288.83342798298787	-288.83342798298787
29.65	-288.81619891403534	-287.89755569892776	-282.50921833841056	-288.83342798286213	-0.18368661958922294	-288.83342798298787	-288.83342798298787
29.700000000000003	-288.8164000484434	-287.9041339438186	-282.55367165934615	-288.8334279828904	-0.18368661958920637	-288.83342798298787	-288.83342798298787
29.75	-288.8165986806172	-287.91066593109855	-282.5978123719836	-288.83342798291443	-0.18368661958919344	-288.83342798298787	-288.83342798298787
29.800000000000004	-288.8167948486329	-287.9171520001423	-282.64164275007977	-288.8334279829342	-0.18368661958918414	-288.83342798298787	-288.83342798298787
29.85	-288.816988590567	-287.9235924903244	-282.6851650673915	-288.8334279829498	-0.1836866195891785	-288.83342798298787	-288.83342798298787
29.9	-288.81717994449565	-287.9299877410194	-282.72838159767565	-288.83342798296115	-0.1836866195891765	-288.83342798298787	-288.83342798298787
29.950000000000003	-288.8173689484952	-287.93633809160184	-282.7712946146891	-288.8334279829683	-0.18368661958917815	-288.83342798298787	-288.83342798298787
30.	-288.817555640642	-287.9426438814464	-282.8139063921887	-288.8334279829712	-0.18368661958918345	-288.83342798298787	-288.83342798298787